    11.000         *         *         *     2.000     5.727     1.000     1.000     1.000    -0.273         *         *     2.297    -9.377     2.272    -9.394     0.998     0.002     1.000
    23.000    23.000         *     0.121     2.000     2.308     0.000     0.000     0.000    -3.692    -2.261    -0.693    18.767    -1.585    21.818    -0.765     0.187     0.813     2.000
    29.000         *         *    -0.057     2.000     3.849     0.000     0.000     0.000    -2.151    -0.687         *    27.709    -0.217    28.514     0.042     0.039     0.961     2.000
    14.000         *         *         *     2.000     4.148     1.000     0.000     1.000    -1.852         *         *    -2.194    -7.773    -2.230    -7.786     0.998     0.002     1.000
    18.000         *         *    -0.142     2.000     1.429     1.000     0.000     1.000    -4.571         *         *    -5.802    -5.585    -5.804    -5.585     1.000     0.000     1.000
    30.000    30.000         *     0.370     2.000     2.237     1.000     0.000     0.000    -3.763    -2.335    -0.797    28.984    -0.102    28.992    -0.101     0.000     1.000     2.000
    22.000    24.000         *     0.408     2.000     1.418     1.000     0.000     1.000    -4.582    -3.088    -1.596    18.852    -1.077    20.810    -0.726     0.081     0.919     2.000
    26.000    28.000    29.000     0.346     2.000    -0.019     1.000     0.000     0.000    -6.019    -4.468    -2.979    27.851     0.016    27.851     0.016     0.000     1.000     2.000
    26.000         *         *    -0.081     3.000     3.209     1.000     1.000     0.000    -2.791    -1.355         *    22.663    -1.318    24.215    -0.853     0.080     0.920     2.000
    28.000    27.000         *     0.403     2.000     0.901     1.000     0.000     0.000    -5.099    -3.603    -2.075    24.968    -0.604    24.990    -0.601     0.001     0.999     2.000
    30.000         *         *     0.078     2.000     3.223     1.000     1.000     0.000    -2.777    -1.331         *    26.791    -0.681    27.818    -0.402     0.048     0.952     2.000
    11.000         *         *         *     9.000     4.994     1.000     1.000     0.000    -1.006         *         *     2.192    -9.822     2.192    -9.822     1.000     0.000     1.000
    19.000         *         *    -0.079     2.000     3.469     1.000     0.000     0.000    -2.531         *         *     4.041    -6.334     4.031    -6.337     0.999     0.001     1.000
    29.000    30.000         *     0.324     4.000    -0.019     1.000     1.000     0.000    -6.019    -4.537    -3.017    26.001    -0.632    26.035    -0.628     0.001     0.999     2.000
    12.000         *         *    -0.495     2.000     4.536     1.000     0.000     1.000    -1.464         *         *    -1.592    -8.582    -1.592    -8.582     1.000     0.000     1.000
    29.000         *         *    -0.341     3.000     4.750     1.000     1.000     0.000    -1.250         *         *    27.975    -0.354    28.100    -0.304     0.007     0.993     2.000
    29.000         *         *     0.121     2.000     5.752     0.000     0.000     0.000    -0.248         *         *    28.733     0.160    28.736     0.162     0.000     1.000     2.000
     9.000         *         *         *     2.000     4.657     1.000     0.000     1.000    -1.343         *         *    -2.138    -8.323    -2.138    -8.323     1.000     0.000     1.000
    28.000         *         *    -0.246     2.000     3.392     0.000     0.000     0.000    -2.608    -1.136         *    26.010    -0.558    27.367    -0.149     0.066     0.934     2.000
    26.000    23.000         *     0.308     2.000     2.470     0.000     0.000     0.000    -3.530    -2.097    -0.537    22.411    -0.880    22.857    -0.765     0.023     0.977     2.000
    19.000         *         *     0.026     2.000     5.257     1.000     1.000     1.000    -0.743         *         *    17.359    -2.040    18.706    -1.396     0.085     0.915     2.000
    26.000         *         *     0.329     3.000     4.400     0.000     0.000     1.000    -1.600         *         *    23.968    -0.513    25.177    -0.103     0.051     0.949     2.000
    28.000         *         *     0.425     2.000     3.222     0.000     0.000     0.000    -2.778    -1.303         *    25.960    -0.486    27.367    -0.097     0.067     0.933     2.000
    21.000         *         *     0.302     2.000     4.372     0.000     0.000     0.000    -1.628    -0.178         *    11.205    -5.376     7.324    -7.065     0.730     0.270     1.000
    21.000         *         *         *     3.000     3.682     1.000     0.000     0.000    -2.318         *         *     4.937    -6.221     4.050    -6.507     0.951     0.049     1.000
     7.000         *         *    -0.533     3.000     4.874     0.000     0.000     0.000    -1.126         *         *     4.790    -8.568     4.790    -8.568     1.000     0.000     1.000
    28.000         *         *     0.056     4.000     3.474     1.000     1.000     0.000    -2.526    -1.117         *    25.508    -0.835    26.481    -0.541     0.045     0.955     2.000
         *         *         *         *     2.000     4.739     0.000     0.000     1.000    -1.261         *         *     5.088    -6.586    -0.483    -8.565     0.751     0.249     1.000
    25.000    24.000         *     0.052     2.000     2.171     1.000     0.000     0.000    -3.829    -2.407    -0.835    21.863    -1.026    22.566    -0.871     0.039     0.961     2.000
    21.000         *         *     0.318     2.000     5.303     1.000     1.000     0.000    -0.697         *         *    19.998    -1.990    21.278    -1.283     0.106     0.894     2.000
    25.000         *         *    -0.364     3.000     4.367     0.000     1.000     0.000    -1.633    -0.159         *    23.556    -1.114    24.481    -0.700     0.057     0.943     2.000
    27.000         *         *         *     8.000     1.848     1.000     1.000     1.000    -4.152    -2.702         *     2.725    -5.380    -7.594    -7.688     0.660     0.340     1.000
    21.000         *         *     0.422     2.000     1.851     1.000     0.000     1.000    -4.149         *         *    -4.575    -5.614    -5.112    -5.721     0.980     0.020     1.000
    21.000         *         *         *     2.000     5.089     1.000     0.000     0.000    -0.911         *         *    17.514    -2.888    21.440    -1.084     0.290     0.710     2.000
    27.000         *         *    -0.300     1.000     4.455     0.000     1.000     0.000    -1.545    -0.055         *    25.803    -0.613    26.190    -0.445     0.024     0.976     2.000
     7.000         *         *         *     2.000     3.811     1.000     1.000     0.000    -2.189    -0.717         *     2.392    -7.171     2.392    -7.171     1.000     0.000     1.000
     7.000         *         *         *     2.000     3.455     1.000     0.000     0.000    -2.545         *         *     1.632    -6.297     1.632    -6.297     1.000     0.000     1.000
    29.000         *         *     0.384     2.000     2.831     0.000     0.000     0.000    -3.169    -1.678         *    26.531    -0.425    28.083    -0.039     0.070     0.930     2.000
    24.000         *         *     0.203     2.000     0.531     1.000     0.000     0.000    -5.469         *         *     7.786    -2.569     0.893    -3.489     0.704     0.296     1.000
    28.000         *         *    -0.224     2.000     4.551     0.000     0.000     0.000    -1.449         *         *    27.427    -0.181    27.737    -0.059     0.017     0.983     2.000
    29.000         *         *     0.121     2.000     3.085     0.000     0.000     0.000    -2.915    -1.394         *    26.551    -0.472    28.199    -0.029     0.075     0.925     2.000
    27.000    25.000         *     0.050     2.000     1.820     0.000     1.000     0.000    -4.180    -2.669    -1.248    23.081    -0.929    23.462    -0.835     0.022     0.978     2.000
    28.000         *         *     0.017     3.000     2.853     0.000     0.000     0.000    -3.147    -1.651         *    25.660    -0.587    27.356    -0.136     0.076     0.924     2.000
    23.000         *         *    -0.048     2.000     4.770     1.000     0.000     0.000    -1.230         *         *    21.045    -1.698    22.958    -0.906     0.126     0.874     2.000
    14.000         *         *    -0.037         *     3.628     1.000     0.000     1.000    -2.372    -0.857         *    -4.230    -7.956    -4.231    -7.956     1.000     0.000     1.000
    19.000         *         *    -0.150     2.000     1.134     1.000     0.000     1.000    -4.866    -3.373         *    -6.020    -5.304    -6.025    -5.305     1.000     0.000     1.000
    30.000    30.000         *     0.406     3.000     1.547     1.000     0.000     0.000    -4.453    -2.924    -1.448    28.537    -0.208    28.547    -0.207     0.000     1.000     2.000
    29.000         *         *     0.436     2.000     2.497     1.000     0.000     0.000    -3.503         *         *    26.139    -0.539    27.165    -0.329     0.044     0.956     2.000
    29.000    23.000         *     0.326     3.000     1.226     1.000     1.000     0.000    -4.774    -3.283    -1.769    16.256    -2.234    20.969    -1.382     0.261     0.739     2.000
    27.000         *         *    -0.078     2.000     3.800     0.000     1.000     0.000    -2.200    -0.731         *    25.279    -0.716    25.933    -0.474     0.037     0.963     2.000
     0.000         *         *         *     2.000     5.519     1.000     0.000     1.000    -0.481         *         *    -1.828    -9.211    -1.828    -9.211     1.000     0.000     1.000
    27.000         *         *    -0.279     2.000     2.992     1.000     0.000     0.000    -3.008    -1.517         *    23.985    -0.958    25.638    -0.538     0.081     0.919     2.000
    28.000         *         *    -0.303     2.000     5.361     0.000     1.000     0.000    -0.639         *         *    27.567    -0.220    27.584    -0.211     0.001     0.999     2.000
    28.000    29.000         *    -0.281    10.000     2.295     1.000     1.000     0.000    -3.705    -2.144    -0.698    27.734    -0.331    27.822    -0.307     0.003     0.997     2.000
    30.000         *         *     0.321     3.000     2.801     1.000     1.000     0.000    -3.199    -1.728         *    26.100    -0.801    27.572    -0.438     0.064     0.936     2.000
    30.000         *         *     0.239     4.000     1.651     0.000     1.000     0.000    -4.349    -2.916    -1.383    24.542    -0.992    27.110    -0.433     0.109     0.891     2.000
    29.000         *         *     0.143     3.000     1.547     1.000     1.000     0.000    -4.453    -2.982         *    24.038    -1.012    25.336    -0.765     0.057     0.943     2.000
    22.000         *         *     0.113     2.000     5.547     0.000     1.000     0.000    -0.453         *         *    22.022    -1.294    22.515    -0.967     0.044     0.956     2.000
    30.000         *         *    -0.131     5.000     3.220     1.000     1.000     0.000    -2.780    -1.248         *    27.024    -0.694    28.310    -0.330     0.053     0.947     2.000
         *         *         *         *     2.000     5.758     0.000     1.000     1.000    -0.242         *         *    11.215    -5.569     1.395    -9.986     0.527     0.473     1.000
    30.000    29.000         *    -0.369     2.000     1.440     1.000     1.000     0.000    -4.560    -3.050    -1.618    26.240    -0.738    26.293    -0.728     0.003     0.997     2.000
     4.000         *         *         *     2.000     1.103     1.000     0.000     1.000    -4.897    -3.548    -1.758    -7.354    -4.881    -7.354    -4.881     1.000     0.000     1.000
    27.000         *         *     0.015    -1.000     4.151     0.000     0.000     0.000    -1.849         *         *    25.852    -0.431    26.359    -0.252     0.031     0.969     2.000
     8.000         *         *    -0.339     3.000     5.312     0.000     0.000     1.000    -0.688         *         *     0.287    -9.642     0.287    -9.642     1.000     0.000     1.000
    29.000    30.000         *    -0.076     5.000     1.068     1.000     1.000     0.000    -4.932    -3.417    -1.925    27.165    -0.495    27.293    -0.471     0.005     0.995     2.000
    30.000         *         *     0.318     2.000     3.283     0.000     0.000     0.000    -2.717    -1.090         *    27.604    -0.316    29.267     0.136     0.074     0.926     2.000
    27.000    20.000         *     0.436     2.000     1.032     1.000     0.000     1.000    -4.968    -3.288    -1.985     7.759    -3.001    17.293    -1.576     0.446     0.554     2.000
    30.000         *         *     0.392     2.000     3.302     1.000     0.000     0.000    -2.698         *         *    27.912    -0.283    28.739    -0.080     0.035     0.965     2.000
    30.000         *         *     0.507     2.000     4.370     1.000     0.000     0.000    -1.630         *         *    29.118     0.033    29.271     0.079     0.007     0.993     2.000
    28.000    28.000         *     0.466     2.000     1.358     0.000     0.000     0.000    -4.642    -3.080    -1.640    26.853    -0.226    26.900    -0.218     0.002     0.998     2.000
    17.000         *         *     0.543     3.000     4.184     1.000     0.000     1.000    -1.816    -0.208         *    -1.867    -7.859    -2.110    -7.943     0.987     0.013     1.000
    26.000    24.000         *     0.532     1.000     1.287     0.000     0.000     0.000    -4.713    -3.094    -1.706    22.593    -0.731    22.973    -0.666     0.023     0.977     2.000
    28.000         *         *     0.852     4.000     4.427     0.000     1.000     0.000    -1.573         *         *    27.240    -0.240    27.502    -0.137     0.014     0.986     2.000
    29.000         *         *     1.016     1.000     5.095     0.000     0.000     0.000    -0.905         *         *    28.597     0.198    28.653     0.221     0.003     0.997     2.000
    29.000    29.000         *     0.994     2.000     1.549     0.000     0.000     0.000    -4.451    -2.845    -1.446    28.133    -0.058    28.154    -0.054     0.001     0.999     2.000
    27.000    28.000         *     1.052     2.000     0.838     1.000     0.000     0.000    -5.162    -3.573    -2.204    25.947    -0.360    25.949    -0.360     0.000     1.000     2.000
    12.000     4.000         *     1.276     2.000     0.764     1.000     0.000     1.000    -5.236    -3.630    -2.289    -7.904    -4.423    -7.904    -4.423     1.000     0.000     1.000
    22.000         *         *    -0.089     3.000     5.492     0.000     1.000     0.000    -0.508         *         *    21.809    -1.470    22.553    -0.985     0.063     0.937     2.000
    16.000     8.000         *     0.045     2.000     0.808     1.000     1.000     0.000    -5.192    -3.644    -2.155     0.377    -4.288     0.377    -4.288     1.000     0.000     1.000
    26.000         *         *     0.266     2.000     0.950     1.000     0.000     0.000    -5.050         *         *    21.474    -0.967    24.404    -0.545     0.128     0.872     2.000
    30.000    26.000         *     0.184     2.000     1.785     0.000     0.000     0.000    -4.215    -2.634    -1.175    25.537    -0.584    25.799    -0.531     0.014     0.986     2.000
    28.000         *         *     0.274     2.000     3.011     1.000     1.000     0.000    -2.989         *         *    24.882    -0.883    25.777    -0.646     0.044     0.956     2.000
    22.000     2.000         *     0.742     2.000     1.448     0.000     0.000     0.000    -4.552    -2.905    -1.509     0.795    -4.533     0.795    -4.533     1.000     0.000     1.000
    30.000         *         *     0.630     2.000     5.215     0.000     1.000     0.000    -0.785         *         *    29.261     0.127    29.300     0.145     0.002     0.998     2.000
    29.000         *         *     0.726     2.000     5.577     1.000     0.000     0.000    -0.423         *         *    28.588     0.047    28.591     0.049     0.000     1.000     2.000
    28.000    19.000         *    -0.021     8.000     2.732     0.000     1.000     0.000    -3.268    -1.785    -0.192     3.018    -7.601     3.007    -7.605     0.999     0.001     1.000
    28.000    27.000         *    -0.191     4.000     1.799     0.000     1.000     0.000    -4.201    -2.650    -1.254    25.498    -0.595    25.658    -0.555     0.008     0.992     2.000
    30.000    30.000         *     0.239     7.000     1.827     0.000     1.000     0.000    -4.173    -2.702    -1.169    28.990    -0.128    29.168    -0.085     0.007     0.993     2.000
    29.000    24.000         *    -0.057     3.000     0.936     0.000     1.000     0.000    -5.064    -3.617    -2.081    19.672    -1.584    22.415    -1.041     0.145     0.855     2.000
    30.000         *         *    -0.281     7.000     5.298     1.000     1.000     0.000    -0.702         *         *    29.543    -0.063    29.543    -0.063     0.000     1.000     2.000
    26.000    28.000    28.000     0.343     6.000     0.066     0.000     1.000     0.000    -5.934    -4.444    -2.908    27.360    -0.050    27.367    -0.049     0.000     1.000     2.000
    15.000         *         *    -0.103     4.000     4.131     0.000     1.000     1.000    -1.869    -0.274         *    -1.448    -9.205    -1.459    -9.210     0.999     0.001     1.000
    26.000         *         *     0.554     2.000     5.393     1.000     0.000     0.000    -0.607         *         *    25.933    -0.403    25.973    -0.386     0.002     0.998     2.000
    27.000         *         *    -0.314     2.000     3.770     1.000     0.000     0.000    -2.230    -0.739         *    25.209    -0.739    26.087    -0.473     0.044     0.956     2.000
    27.000         *         *    -0.142     4.000     0.019     1.000     0.000     0.000    -5.981         *         *    21.046    -0.968    25.905    -0.352     0.179     0.821     2.000
    28.000         *         *     0.075     1.000     4.277     1.000     1.000     0.000    -1.723    -0.175         *    26.392    -0.599    26.690    -0.494     0.017     0.983     2.000
    27.000         *         *    -0.065     2.000     2.615     1.000     0.000     0.000    -3.385    -1.843         *    23.654    -0.954    25.457    -0.542     0.084     0.916     2.000
    19.000    14.000         *     0.277     4.000     1.933     0.000     0.000     0.000    -4.067    -2.431    -0.920     1.829    -5.474     1.829    -5.474     1.000     0.000     1.000
    22.000    20.000         *     0.400     3.000     2.483     1.000     0.000     0.000    -3.517    -2.031    -0.534     3.772    -5.233     3.718    -5.247     0.997     0.003     1.000
    24.000         *         *     0.554     0.000     2.957     0.000     1.000     0.000    -3.043    -1.525         *    21.002    -1.298    22.318    -0.893     0.083     0.917     2.000
    24.000         *         *     0.017     2.000     5.624     1.000     1.000     0.000    -0.376         *         *    24.081    -0.899    24.138    -0.868     0.004     0.996     2.000
    18.000         *         *     0.620    10.000     3.034     1.000     1.000     1.000    -2.966    -1.405         *    -8.186    -9.241    -8.202    -9.246     0.999     0.001     1.000
    28.000    28.000    20.000     0.595     2.000     0.430     0.000     1.000     0.000    -5.570    -3.986    -2.590    19.492    -1.525    19.492    -1.525     0.000     1.000     2.000
    30.000         *         *     0.486     3.000     5.355     1.000     0.000     0.000    -0.645         *         *    29.514     0.159    29.516     0.160     0.000     1.000     2.000
    24.000         *         *     0.576     6.000     3.324     1.000     1.000     1.000    -2.676    -1.216         *    13.025    -3.415    21.752    -0.901     0.337     0.663     2.000
    24.000         *         *         *     8.000     3.310     1.000     1.000     0.000    -2.690         *         *    11.416    -4.705     1.699    -7.851     0.542     0.458     1.000
    29.000    30.000    30.000     0.192     8.000     0.427     0.000     0.000     0.000    -5.573    -4.066    -2.587    29.969     0.158    29.969     0.158     0.000     1.000     2.000
     7.000         *         *     0.204     4.000     5.670     1.000     0.000     0.000    -0.330         *         *     5.130    -8.811     5.130    -8.811     1.000     0.000     1.000
    11.000         *         *         *     0.000     5.410     0.000     1.000     1.000    -0.590         *         *     3.254    -8.952     3.253    -8.952     1.000     0.000     1.000
    28.000         *         *    -0.295     0.000     2.248     0.000     0.000     0.000    -3.752    -2.204         *    24.769    -0.700    26.276    -0.362     0.074     0.926     2.000
    30.000         *         *    -0.007     2.000     4.594     1.000     0.000     0.000    -1.406         *         *    29.180     0.005    29.307     0.047     0.006     0.994     2.000
    30.000    30.000    28.000     0.085     5.000     0.816     1.000     1.000     0.000    -5.184    -3.639    -2.163    26.821    -0.614    26.822    -0.614     0.000     1.000     2.000
    28.000         *         *     0.152     2.000     3.598     0.000     0.000     0.000    -2.402    -0.835         *    26.522    -0.386    27.501    -0.086     0.048     0.952     2.000
    29.000         *         *     0.337     2.000     5.073     0.000     0.000     0.000    -0.927         *         *    28.680     0.141    28.730     0.163     0.003     0.997     2.000
    24.000    20.000         *     0.356     2.000     1.941     0.000     0.000     0.000    -4.059    -2.426    -1.046     7.922    -3.981     4.960    -4.701     0.792     0.208     1.000
    28.000         *         *     0.406     2.000     5.747     1.000     0.000     0.000    -0.253         *         *    27.778    -0.110    27.781    -0.109     0.000     1.000     2.000
    28.000    29.000         *     0.609     2.000     1.375     1.000     1.000     0.000    -4.625    -3.113    -1.596    26.120    -0.559    26.145    -0.554     0.001     0.999     2.000
    30.000    30.000         *     0.701     2.000     1.256     1.000     0.000     0.000    -4.744    -3.211    -1.755    28.062    -0.289    28.065    -0.289     0.000     1.000     2.000
    27.000         *         *    -0.082     2.000     4.651     0.000     0.000     0.000    -1.349         *         *    26.478    -0.323    26.845    -0.175     0.021     0.979     2.000
    28.000         *         *     0.160     2.000     2.872     0.000     0.000     0.000    -3.128    -1.541         *    25.733    -0.534    27.172    -0.160     0.067     0.933     2.000
    29.000         *         *     0.206     2.000     3.581     1.000     0.000     0.000    -2.419    -0.925         *    27.262    -0.365    27.949    -0.180     0.032     0.968     2.000
    29.000         *         *     0.356     2.000     4.071     1.000     0.000     0.000    -1.929    -0.361         *    27.904    -0.194    28.209    -0.104     0.014     0.986     2.000
    25.000         *         *     0.518     2.000     3.690     0.000     0.000     0.000    -2.310         *         *    23.109    -0.948    24.732    -0.419     0.090     0.910     2.000
    27.000    24.000         *     0.400     3.000     0.947     0.000     0.000     0.000    -5.053    -3.480    -2.133    22.623    -0.762    23.454    -0.618     0.040     0.960     2.000
    22.000         *         *     0.496     2.000     2.757     1.000     1.000     0.000    -3.243    -1.692         *     8.953    -4.428     3.872    -5.858     0.692     0.308     1.000
    29.000         *         *     0.565     2.000     3.546     1.000     0.000     0.000    -2.454    -0.898         *    27.392    -0.296    27.970    -0.145     0.027     0.973     2.000
    30.000         *         *     0.718     2.000     3.617     1.000     1.000     0.000    -2.383    -0.808         *    27.569    -0.447    28.273    -0.249     0.033     0.967     2.000
    29.000    27.000         *     0.863     2.000     1.470     1.000     0.000     0.000    -4.530    -2.971    -1.555    25.624    -0.563    25.640    -0.561     0.001     0.999     2.000
    22.000    24.000         *     0.896     4.000     2.267     0.000     1.000     0.000    -3.733    -2.122    -0.397    19.058    -1.591    22.104    -0.712     0.176     0.824     2.000
    29.000         *         *     0.579     2.000     3.343     0.000     0.000     0.000    -2.657    -1.103         *    27.175    -0.280    28.403     0.058     0.056     0.944     2.000
    21.000         *         *     0.822     1.000     3.786     0.000     1.000     0.000    -2.214    -0.507         *    14.525    -3.548    20.093    -1.202     0.443     0.557     2.000
    27.000         *         *     0.735     3.000     5.892     0.000     0.000     0.000    -0.108         *         *    27.121    -0.039    27.125    -0.037     0.000     1.000     2.000
    28.000    26.000         *     0.779     4.000     1.785     0.000     1.000     0.000    -4.215    -2.628    -1.246    24.841    -0.631    24.980    -0.598     0.007     0.993     2.000
    19.000         *         *         *     2.000     3.532     1.000     0.000     0.000    -2.468    -0.816         *     3.992    -6.151     3.979    -6.155     0.999     0.001     1.000
    20.000    19.000     1.000     0.302     2.000     0.421     1.000     1.000     1.000    -5.579    -4.074    -2.598    -6.646    -4.976    -6.646    -4.976     1.000     0.000     1.000
    28.000    26.000         *     0.953     2.000     2.483     0.000     0.000     0.000    -3.517    -1.944    -0.550    25.956    -0.319    26.004    -0.308     0.002     0.998     2.000
    21.000    16.000         *     1.022     2.000     2.330     1.000     0.000     0.000    -3.670    -2.094    -0.769     3.265    -4.681     3.265    -4.681     1.000     0.000     1.000
    29.000         *         *     1.299     4.000     5.355     0.000     1.000     0.000    -0.645         *         *    28.595     0.101    28.601     0.104     0.000     1.000     2.000
     0.000         *         *         *     2.000     5.068     1.000     0.000     1.000    -0.932         *         *    -3.436    -8.977    -3.436    -8.977     1.000     0.000     1.000
    23.000    22.000    23.000     1.334     2.000     0.714     1.000     0.000     0.000    -5.286    -3.691    -2.313    21.362    -0.632    21.365    -0.632     0.000     1.000     2.000
    29.000         *         *    -0.125     3.000     5.141     0.000     0.000     0.000    -0.859         *         *    28.791     0.119    28.814     0.130     0.001     0.999     2.000
    29.000    30.000    27.000    -0.104     3.000     0.575     1.000     1.000     0.000    -5.425    -3.877    -2.439    25.620    -0.750    25.621    -0.749     0.000     1.000     2.000
    29.000    26.000         *    -0.084     2.000     2.510     1.000     0.000     0.000    -3.490    -1.938    -0.520    25.586    -0.641    25.638    -0.629     0.003     0.997     2.000
    29.000    26.000         *     0.272     2.000     0.580     1.000     0.000     0.000    -5.420    -3.945    -2.491    23.820    -0.820    23.883    -0.812     0.003     0.997     2.000
    29.000         *         *     0.436     3.000     4.381     0.000     1.000     0.000    -1.619         *         *    27.970    -0.188    28.281    -0.068     0.016     0.984     2.000
    26.000    17.000         *     0.570     3.000     2.004     1.000     0.000     0.000    -3.996    -2.127    -1.029     3.135    -4.758     3.135    -4.758     1.000     0.000     1.000
    24.000    15.000         *     0.050     2.000     2.111     1.000     0.000     0.000    -3.889    -2.303    -0.882     3.032    -4.946     3.032    -4.946     1.000     0.000     1.000
    29.000         *         *     0.047     2.000     5.432     0.000     1.000     0.000    -0.568         *         *    28.448    -0.045    28.465    -0.035     0.001     0.999     2.000
    29.000         *         *     0.080     2.000     1.525     1.000     0.000     0.000    -4.475    -2.968         *    24.687    -0.772    26.171    -0.529     0.064     0.936     2.000
    21.000    16.000         *     0.138     4.000     1.134     0.000     0.000     0.000    -4.866    -3.302    -1.864     1.440    -4.720     1.440    -4.720     1.000     0.000     1.000
    30.000         *         *     0.282     2.000     3.619     0.000     1.000     0.000    -2.381    -0.854         *    27.713    -0.398    28.718    -0.073     0.049     0.951     2.000
    24.000    25.000         *     0.480     2.000     2.138     1.000     0.000     0.000    -3.862    -2.308    -0.838    22.903    -0.740    23.269    -0.663     0.019     0.981     2.000
    23.000         *         *     0.493     1.000     5.588     1.000     1.000     0.000    -0.412         *         *    23.072    -1.026    23.174    -0.969     0.008     0.992     2.000
    28.000         *         *     0.507     2.000     3.113     1.000     0.000     0.000    -2.887    -1.355         *    25.840    -0.548    26.745    -0.331     0.042     0.958     2.000
    22.000         *         *     0.537     2.000     3.920     0.000     0.000     1.000    -2.080    -0.501         *    13.819    -3.060    21.100    -0.671     0.347     0.653     2.000
    25.000         *         *     0.608     4.000     1.440     0.000     1.000     0.000    -4.560         *         *    19.646    -1.497    23.947    -0.548     0.202     0.798     2.000
    29.000    27.000    27.000     0.595     3.000     0.706     0.000     1.000     0.000    -5.294    -3.751    -2.344    25.251    -0.610    25.254    -0.610     0.000     1.000     2.000
    27.000         *    10.000     0.381     5.000     0.605     0.000     1.000     0.000    -5.395    -3.825    -2.294     0.944    -4.858     0.944    -4.858     1.000     0.000     1.000
    29.000         *         *    -0.163     3.000     3.231     0.000     1.000     0.000    -2.769    -1.259         *    26.358    -0.670    27.598    -0.281     0.059     0.941     2.000
    26.000         *         *    -0.007     7.000     3.494     0.000     1.000     0.000    -2.506    -0.988         *    22.498    -1.577    25.560    -0.488     0.143     0.857     2.000
    23.000         *         *     0.165     2.000     2.595     0.000     0.000     0.000    -3.405         *         *    13.064    -3.269     4.805    -5.525     0.535     0.465     1.000
    15.000         *         *     0.162     0.000     3.368     0.000     0.000     0.000    -2.632    -1.164         *     5.462    -5.939     5.462    -5.939     1.000     0.000     1.000
    22.000    18.000     7.000     0.193     2.000     0.764     1.000     0.000     0.000    -5.236    -3.723    -2.267     1.009    -3.714     1.009    -3.714     1.000     0.000     1.000
    28.000         *         *     0.206     2.000     5.032     0.000     0.000     0.000    -0.968         *         *    27.743    -0.028    27.834     0.011     0.005     0.995     2.000
    27.000         *         *     0.343     2.000     4.397     0.000     0.000     0.000    -1.603    -0.077         *    26.311    -0.327    26.805    -0.143     0.027     0.973     2.000
    24.000    14.000         *     0.452     2.000     2.541     0.000     0.000     0.000    -3.459    -1.906    -0.427     4.473    -5.397     4.473    -5.397     1.000     0.000     1.000
    30.000     4.000         *     0.565     4.000     2.867     1.000     1.000     0.000    -3.133    -1.142    -0.074     2.454    -6.543     2.454    -6.543     1.000     0.000     1.000
    26.000     8.000         *     0.642     4.000     2.199     1.000     1.000     1.000    -3.801    -2.270    -0.736    -5.282    -6.928    -5.282    -6.928     1.000     0.000     1.000
     0.000         *         *         *     2.000     5.166     1.000     1.000     1.000    -0.834         *         *    -2.416    -9.472    -2.416    -9.472     1.000     0.000     1.000
    17.000         *         *     0.455    10.000     4.427     1.000     1.000     0.000    -1.573    -0.047         *     1.505    -9.403     1.504    -9.404     1.000     0.000     1.000
    30.000         *         *     0.346     4.000     1.840     0.000     1.000     0.000    -4.160         *         *    25.123    -0.883    27.371    -0.377     0.094     0.906     2.000
    28.000         *         *         *     5.000     3.586     1.000     1.000     0.000    -2.414    -0.843         *    25.813    -0.750    26.749    -0.462     0.042     0.958     2.000
    29.000    29.000         *     0.239     9.000     1.317     0.000     0.000     0.000    -4.683    -3.168    -1.708    28.851     0.028    29.134     0.088     0.010     0.990     2.000
    30.000         *         *     0.198    11.000     1.610     0.000     1.000     0.000    -4.390    -2.828         *    24.260    -1.248    29.110    -0.079     0.161     0.839     2.000
    21.000         *         *     0.168     7.000     1.758     1.000     1.000     0.000    -4.242    -2.738         *    -0.460    -6.327    -0.510    -6.339     0.998     0.002     1.000
    25.000         *         *     0.513     2.000     4.942     1.000     0.000     0.000    -1.058         *         *    24.627    -0.663    24.890    -0.560     0.016     0.984     2.000
    29.000         *         *     0.118    13.000     5.402     0.000     1.000     0.000    -0.598         *         *    29.334     0.078    29.334     0.078     0.000     1.000     2.000
    28.000    20.000         *     0.085    10.000     0.870     0.000     1.000     0.000    -5.130    -3.589    -2.059    -1.497    -6.432    -1.507    -6.434     1.000     0.000     1.000
    23.000         *         *    -0.057     2.000     4.216     0.000     0.000     0.000    -1.784         *         *    18.330    -2.630    22.954    -0.739     0.301     0.699     2.000
    24.000         *         *         *     5.000     5.451     1.000     1.000     0.000    -0.549         *         *    24.132    -0.873    24.248    -0.814     0.008     0.992     2.000
    26.000         *         *    -0.139     2.000     5.043     1.000     1.000     0.000    -0.957         *         *    25.372    -0.722    25.472    -0.677     0.006     0.994     2.000
    26.000         *         *    -0.161     2.000     5.040     0.000     0.000     0.000    -0.960         *         *    25.815    -0.406    26.042    -0.301     0.014     0.986     2.000
    27.000         *         *    -0.188     2.000     4.781     0.000     1.000     0.000    -1.219         *         *    26.291    -0.468    26.466    -0.386     0.011     0.989     2.000
    30.000         *         *    -0.174     4.000     3.288     1.000     1.000     0.000    -2.712    -1.188         *    26.910    -0.720    28.192    -0.353     0.056     0.944     2.000
    30.000         *         *    -0.188     5.000     4.556     0.000     1.000     0.000    -1.444         *         *    29.257    -0.024    29.441     0.052     0.009     0.991     2.000
    29.000    28.000         *     0.430     2.000     0.854     1.000     1.000     0.000    -5.146    -3.636    -2.141    24.739    -0.828    24.761    -0.825     0.001     0.999     2.000
    28.000         *         *     0.337     2.000     3.825     1.000     0.000     0.000    -2.175    -0.605         *    26.623    -0.414    27.141    -0.265     0.025     0.975     2.000
    27.000         *         *     0.258     2.000     4.397     0.000     0.000     0.000    -1.603         *         *    26.308    -0.336    26.798    -0.153     0.027     0.973     2.000
    27.000         *         *     0.124     2.000     5.612     1.000     0.000     0.000    -0.388         *         *    26.902    -0.283    26.914    -0.278     0.001     0.999     2.000
    28.000    28.000         *     0.044     2.000     0.410     1.000     1.000     0.000    -5.590    -4.093    -2.615    24.378    -0.794    24.450    -0.784     0.003     0.997     2.000
    27.000    24.000         *     0.025     2.000     2.124     1.000     0.000     0.000    -3.876    -2.355    -0.827    22.880    -0.954    23.100    -0.908     0.012     0.988     2.000
    29.000         *         *    -0.128     3.000     5.602     0.000     0.000     0.000    -0.398         *         *    28.807     0.136    28.820     0.143     0.001     0.999     2.000
    27.000         *         *     1.446     4.000     3.753     1.000     1.000     0.000    -2.247    -0.496         *    25.392    -0.628    25.876    -0.484     0.023     0.977     2.000
    28.000         *         *     1.392     2.000     1.520     0.000     0.000     0.000    -4.480         *         *    25.050    -0.453    26.326    -0.244     0.058     0.942     2.000
    27.000         *         *     1.038     2.000     3.898     1.000     1.000     0.000    -2.102    -0.326         *    25.262    -0.683    25.664    -0.557     0.021     0.979     2.000
    24.000         *         *     0.573     2.000     5.670     1.000     1.000     0.000    -0.330         *         *    24.119    -0.828    24.155    -0.809     0.003     0.997     2.000
         *         *         *         *     2.000     4.137     1.000     0.000     1.000    -1.863         *         *     1.643    -6.564    -2.813    -7.855     0.816     0.184     1.000
    29.000         *         *         *     8.000     5.738     0.000     1.000     0.000    -0.262         *         *    28.982     0.074    28.982     0.074     0.000     1.000     2.000
    24.000         *         *         *     3.000     4.030     0.000     1.000     0.000    -1.970    -0.449         *    21.700    -1.453    23.366    -0.777     0.102     0.898     2.000
    29.000    27.000         *    -0.060     5.000     1.911     0.000     1.000     0.000    -4.089    -2.543    -1.049    25.895    -0.592    26.129    -0.532     0.011     0.989     2.000
    26.000         *         *    -0.330     3.000     3.406     0.000     1.000     0.000    -2.594    -1.054         *    23.525    -1.107    24.862    -0.637     0.071     0.929     2.000
    29.000         *         *     0.482     3.000     3.425     0.000     0.000     0.000    -2.575    -1.087         *    27.336    -0.271    28.576     0.084     0.056     0.944     2.000
    29.000         *         *     1.280     4.000     5.304     1.000     1.000     0.000    -0.696         *         *    28.407    -0.081    28.421    -0.076     0.001     0.999     2.000
    28.000    27.000         *     1.008     4.000     1.747     0.000     1.000     0.000    -4.253    -2.606    -1.218    25.795    -0.459    25.878    -0.441     0.004     0.996     2.000
    23.000         *         *     0.948     1.000     2.538     1.000     0.000     0.000    -3.462    -1.897    -0.394    13.561    -2.620    21.995    -0.815     0.449     0.551     2.000
    28.000    29.000         *     0.357     8.000     1.361     1.000     1.000     0.000    -4.639    -3.077    -1.621    27.109    -0.382    27.266    -0.349     0.006     0.994     2.000
    28.000    14.000         *     0.061     4.000     0.246     1.000     1.000     1.000    -5.754    -4.148    -2.516    -7.403    -5.389    -7.403    -5.389     1.000     0.000     1.000
    27.000    27.000    23.000     0.003     4.000     0.567     0.000     1.000     0.000    -5.433    -3.882    -2.426    22.239    -0.991    22.243    -0.990     0.000     1.000     2.000
    29.000         *         *         *     2.000     3.910     1.000     0.000     0.000    -2.090    -0.290         *    27.821    -0.205    28.143    -0.112     0.015     0.985     2.000
    20.000    12.000         *     1.068     4.000     2.111     1.000     0.000     0.000    -3.889    -2.067    -0.882     1.024    -5.064     1.024    -5.064     1.000     0.000     1.000
    10.000         *         *         *     5.000     5.161     1.000     0.000     0.000    -0.839         *         *     3.889    -8.491     3.889    -8.491     1.000     0.000     1.000
    20.000         *         *     0.575     2.000     3.767     0.000     1.000     0.000    -2.233    -0.594         *     7.214    -6.585     6.270    -6.976     0.937     0.063     1.000
    30.000         *         *     0.475     2.000     5.846     1.000     1.000     0.000    -0.154         *         *    29.252     0.002    29.252     0.002     0.000     1.000     2.000
    29.000         *         *     0.409     2.000     4.170     0.000     0.000     0.000    -1.830    -0.301         *    28.276    -0.001    28.637     0.120     0.018     0.982     2.000
    25.000         *         *     0.379     2.000     3.707     0.000     1.000     0.000    -2.293    -0.778         *    22.942    -1.090    24.018    -0.692     0.065     0.935     2.000
    30.000         *         *     0.296     7.000     4.145     1.000     1.000     0.000    -1.855    -0.345         *    29.085    -0.146    29.214    -0.101     0.006     0.994     2.000
    23.000         *         *     0.272     2.000     4.682     0.000     0.000     0.000    -1.318         *         *    20.653    -1.823    23.183    -0.691     0.173     0.827     2.000
    30.000         *         *         *     2.000     3.184     1.000     0.000     0.000    -2.816         *         *    27.678    -0.333    28.615    -0.109     0.041     0.959     2.000
    14.000    11.000         *     0.723     2.000     0.687     1.000     0.000     0.000    -5.313    -3.710    -2.292     0.214    -3.377     0.214    -3.377     1.000     0.000     1.000
    23.000         *         *     0.280     2.000     5.687     1.000     0.000     0.000    -0.313         *         *    23.395    -0.883    23.563    -0.796     0.012     0.988     2.000
    30.000    28.000    29.000    -0.093     2.000     0.621     0.000     0.000     0.000    -5.379    -3.808    -2.390    27.493    -0.289    27.493    -0.289     0.000     1.000     2.000
    24.000         *         *    -0.169     2.000     5.837     0.000     1.000     0.000    -0.163         *         *    24.353    -0.730    24.395    -0.700     0.004     0.996     2.000
     1.000         *         *     1.217         *     4.545     1.000     0.000     0.000    -1.455         *         *     0.976    -7.531     0.976    -7.531     1.000     0.000     1.000
    27.000         *         *     1.233     2.000     3.425     1.000     0.000     0.000    -2.575    -0.851         *    25.445    -0.494    26.076    -0.337     0.030     0.970     2.000
    22.000         *         *     1.170     2.000     4.923     1.000     0.000     0.000    -1.077         *         *    20.143    -1.746    22.189    -0.907     0.144     0.856     2.000
    29.000         *         *     0.992     2.000     5.601     0.000     0.000     0.000    -0.399         *         *    28.709     0.239    28.716     0.242     0.000     1.000     2.000
    27.000         *         *     0.822     2.000     3.491     1.000     0.000     0.000    -2.509         *         *    25.300    -0.574    26.066    -0.374     0.037     0.963     2.000
    29.000    28.000         *     0.713     2.000     1.126     1.000     1.000     0.000    -4.874    -3.173    -1.930    25.251    -0.744    25.268    -0.741     0.001     0.999     2.000
    28.000         *         *     0.532     2.000     4.191     1.000     0.000     0.000    -1.809    -0.099         *    27.017    -0.303    27.329    -0.207     0.016     0.984     2.000
    30.000    29.000         *     1.553     5.000     1.136     0.000     1.000     0.000    -4.864    -3.140    -1.892    27.534    -0.305    27.581    -0.297     0.002     0.998     2.000
    27.000    11.000         *     1.504     2.000     2.957     0.000     0.000     0.000    -3.043    -1.262    -0.019     5.319    -5.256     5.319    -5.256     1.000     0.000     1.000
    28.000    27.000         *     1.383     2.000     2.790     1.000     0.000     0.000    -3.210    -1.495    -0.214    26.590    -0.291    26.592    -0.291     0.000     1.000     2.000
    22.000         *         *     1.224     2.000     5.497     1.000     0.000     0.000    -0.503         *         *    22.069    -1.091    22.574    -0.854     0.037     0.963     2.000
    19.000         *         *     1.126     2.000     4.512     0.000     0.000     0.000    -1.488         *         *     7.230    -6.766     6.987    -6.874     0.983     0.017     1.000
    13.000         *         *     0.660     3.000     3.154     1.000     0.000     0.000    -2.846    -1.218         *     1.722    -6.116     1.722    -6.116     1.000     0.000     1.000
    28.000         *         *         *     3.000     3.165     1.000     1.000     0.000    -2.835    -0.994         *    25.282    -0.802    26.137    -0.566     0.041     0.959     2.000
    27.000         *         *     0.636     4.000     5.328     1.000     1.000     0.000    -0.672         *         *    26.662    -0.422    26.687    -0.411     0.002     0.998     2.000
    20.000    10.000         *     0.441     3.000     1.492     1.000     0.000     0.000    -4.508    -2.960    -1.509     0.295    -4.596     0.295    -4.596     1.000     0.000     1.000
    30.000         *         *     0.441     2.000     3.863     0.000     0.000     0.000    -2.137    -0.621         *    28.544    -0.071    29.512     0.227     0.046     0.954     2.000
    30.000         *         *     0.359     2.000     5.051     1.000     1.000     0.000    -0.949         *         *    29.034    -0.085    29.055    -0.076     0.001     0.999     2.000
    23.000         *         *     0.998     2.000     2.237     1.000     0.000     1.000    -3.763         *         *     8.162    -3.294    20.243    -0.896     0.495     0.505     2.000
    30.000    29.000         *     0.072    11.000     1.911     1.000     1.000     0.000    -4.089    -2.401    -1.087    28.300    -0.329    28.370    -0.312     0.003     0.997     2.000
    29.000         *         *     0.732     2.000     4.800     0.000     0.000     0.000    -1.200         *         *    28.657     0.164    28.730     0.192     0.004     0.996     2.000
    26.000    27.000         *     0.096     3.000     2.628     0.000     0.000     0.000    -3.372    -1.832    -0.348    26.094    -0.246    26.179    -0.223     0.004     0.996     2.000
    26.000         *         *         *     2.000     4.159     0.000     0.000     0.000    -1.841         *         *    24.992    -0.567    25.792    -0.281     0.044     0.956     2.000
    22.000         *         *     0.742     2.000     5.073     0.000     0.000     0.000    -0.927         *         *    20.045    -1.976    22.495    -0.759     0.185     0.815     2.000
    23.000         *         *     0.398     3.000     4.641     1.000     1.000     0.000    -1.359         *         *    21.158    -1.665    22.539    -1.069     0.091     0.909     2.000
    29.000    26.000    26.000     0.467     3.000     0.660     1.000     1.000     0.000    -5.340    -3.797    -2.360    23.548    -0.944    23.548    -0.944     0.000     1.000     2.000
    26.000    29.000         *     0.441     2.000     2.275     0.000     0.000     0.000    -3.725    -2.218    -0.742    27.573     0.029    27.671     0.052     0.005     0.995     2.000
    30.000    29.000         *     0.089     2.000     2.475     1.000     1.000     0.000    -3.525    -1.949    -0.539    27.676    -0.451    27.694    -0.446     0.001     0.999     2.000
    29.000    27.000         *     0.231     2.000     2.333     1.000     0.000     0.000    -3.667    -2.152    -0.684    26.314    -0.491    26.334    -0.487     0.001     0.999     2.000
    24.000         *         *    -0.026     2.000     2.152     0.000     0.000     0.000    -3.848         *         *    16.414    -2.269    23.596    -0.527     0.370     0.630     2.000
    27.000    26.000         *     0.044     2.000     2.527     1.000     0.000     0.000    -3.473    -1.916    -0.479    25.022    -0.609    25.058    -0.601     0.002     0.998     2.000
    13.000         *         *     0.296     2.000     4.851     0.000     1.000     0.000    -1.149         *         *     7.061    -8.197     7.061    -8.197     1.000     0.000     1.000
    28.000         *         *         *     4.000     1.596     1.000     1.000     0.000    -4.404         *         *    23.413    -1.040    25.052    -0.716     0.071     0.929     2.000
    29.000    28.000    28.000         *     2.000     0.766     0.000     0.000     0.000    -5.234    -3.682    -2.207    27.042    -0.267    27.042    -0.267     0.000     1.000     2.000
    25.000    29.000         *         *     4.000     2.713     0.000     0.000     0.000    -3.287    -1.706    -0.298    27.470     0.080    27.589     0.113     0.006     0.994     2.000
    26.000         *         *         *     2.000     3.324     0.000     0.000     0.000    -2.676         *         *    23.978    -0.778    25.538    -0.317     0.081     0.919     2.000
    30.000         *         *     0.201     4.000     1.002     1.000     1.000     0.000    -4.998    -3.428         *    23.615    -1.107    25.621    -0.773     0.084     0.916     2.000
    25.000         *         *     0.319     2.000     5.550     1.000     1.000     0.000    -0.450         *         *    24.895    -0.730    24.930    -0.711     0.003     0.997     2.000
    28.000         *         *     1.189     4.000     4.416     0.000     1.000     0.000    -1.584         *         *    27.334    -0.174    27.519    -0.103     0.010     0.990     2.000
    30.000    30.000    28.000     0.669     2.000     0.729     0.000     0.000     0.000    -5.271    -3.677    -2.300    27.573    -0.311    27.573    -0.311     0.000     1.000     2.000
    25.000         *         *     0.836     3.000     4.813     1.000     1.000     1.000    -1.187         *         *    23.572    -0.612    23.753    -0.546     0.008     0.992     2.000
    27.000         *         *     0.879     7.000     5.823     1.000     1.000     0.000    -0.177         *         *    27.097    -0.324    27.097    -0.324     0.000     1.000     2.000
    28.000         *         *     0.962     2.000     3.275     0.000     0.000     0.000    -2.725    -1.073         *    26.456    -0.304    27.456    -0.034     0.048     0.952     2.000
    28.000    27.000         *     0.373     3.000     1.999     1.000     0.000     0.000    -4.001    -2.333    -1.032    25.994    -0.468    26.013    -0.464     0.001     0.999     2.000
    20.000         *         *     0.639     4.000     5.558     1.000     1.000     0.000    -0.442         *         *    18.647    -2.600    20.820    -1.337     0.175     0.825     2.000
    19.000         *         *     0.718     2.000     3.929     0.000     0.000     0.000    -2.071    -0.496         *     5.937    -6.564     5.877    -6.588     0.996     0.004     1.000
    25.000         *         *     0.434     2.000     4.833     1.000     0.000     0.000    -1.167         *         *    24.488    -0.709    24.832    -0.576     0.021     0.979     2.000
    23.000         *         *     0.294     2.000     0.504     1.000     0.000     1.000    -5.496         *         *    -5.624    -4.418    -6.729    -4.581     0.964     0.036     1.000
    28.000         *         *     0.918     2.000     3.003     1.000     0.000     0.000    -2.997    -1.424         *    25.955    -0.476    26.725    -0.301     0.035     0.965     2.000
    22.000     9.000         *     0.838     2.000     2.721     1.000     1.000     0.000    -3.279    -1.758    -0.263     2.783    -5.817     2.783    -5.817     1.000     0.000     1.000
    25.000    26.000         *     0.918     2.000     2.486     0.000     0.000     0.000    -3.514    -1.963    -0.539    24.989    -0.311    25.078    -0.290     0.005     0.995     2.000
    25.000         *         *     0.304     3.000     4.786     0.000     0.000     0.000    -1.214         *         *    24.482    -0.684    25.163    -0.390     0.042     0.958     2.000
    19.000         *         *     0.707     2.000     3.028     1.000     0.000     0.000    -2.972    -1.355         *     3.232    -5.592     3.227    -5.593     1.000     0.000     1.000
    27.000         *         *     1.050     2.000     5.052     1.000     0.000     0.000    -0.948         *         *    26.690    -0.240    26.737    -0.222     0.003     0.997     2.000
    29.000         *         *     0.833     2.000     2.927     1.000     0.000     0.000    -3.073    -1.446         *    26.800    -0.385    27.589    -0.211     0.034     0.966     2.000
    29.000         *         *     0.573     2.000     5.404     1.000     0.000     0.000    -0.596         *         *    28.565     0.022    28.573     0.025     0.000     1.000     2.000
    22.000    23.000         *     1.087     2.000     2.300     1.000     0.000     0.000    -3.700    -2.021    -0.756    18.868    -1.367    21.321    -0.836     0.149     0.851     2.000
    26.000         *         *     0.403    -1.000     4.616     0.000     0.000     0.000    -1.384         *         *    25.324    -0.434    25.636    -0.309     0.021     0.979     2.000
    29.000    29.000         *     0.545     4.000     1.629     0.000     1.000     0.000    -4.371    -2.776    -1.383    27.510    -0.289    27.589    -0.272     0.004     0.996     2.000
    20.000         *         *     1.419     2.000     5.780     1.000     0.000     1.000    -0.220         *         *    20.248    -0.889    20.291    -0.870     0.003     0.997     2.000
    29.000    28.000         *     0.532     4.000     1.290     1.000     0.000     0.000    -4.710    -3.044    -1.763    26.687    -0.409    26.699    -0.407     0.001     0.999     2.000
    26.000         *         *     0.767     2.000     3.836     0.000     1.000     0.000    -2.164    -0.561         *    24.413    -0.753    25.086    -0.510     0.039     0.961     2.000
    27.000    25.000         *     0.923    12.000     2.188     0.000     1.000     0.000    -3.812    -2.127    -0.827    24.501    -0.676    25.224    -0.467     0.030     0.970     2.000
    27.000    16.000         *     0.699     2.000     2.765     1.000     0.000     0.000    -3.235    -1.678    -0.266     4.821    -5.115     4.821    -5.115     1.000     0.000     1.000
    23.000         *         *     1.123     2.000     2.176     0.000     0.000     0.000    -3.824         *         *    14.157    -2.463    22.910    -0.498     0.467     0.533     2.000
    10.000         *         *         *     2.000     4.066     1.000     0.000     1.000    -1.934    -0.312         *    -3.173    -7.796    -3.173    -7.796     1.000     0.000     1.000
    29.000         *         *     0.225     5.000     5.246     1.000     1.000     0.000    -0.754         *         *    28.488    -0.175    28.488    -0.175     0.000     1.000     2.000
    24.000         *         *     0.857     1.000     4.172     0.000     1.000     0.000    -1.828         *         *    22.486    -1.084    23.279    -0.758     0.054     0.946     2.000
    30.000    30.000         *     0.866     2.000     1.730     0.000     0.000     0.000    -4.270    -2.656    -1.355    29.303     0.064    29.328     0.068     0.001     0.999     2.000
    30.000         *         *     0.326     2.000     1.226     1.000     0.000     0.000    -4.774         *         *    25.350    -0.704    26.424    -0.549     0.044     0.956     2.000
    28.000         *         *     0.129     2.000     3.548     1.000     0.000     0.000    -2.452    -0.890         *    26.175    -0.534    26.977    -0.316     0.037     0.963     2.000
    28.000         *         *     0.392     4.000     5.634     0.000     1.000     0.000    -0.366         *         *    27.793    -0.109    27.796    -0.107     0.000     1.000     2.000
    28.000         *         *     0.288     3.000     5.002     0.000     0.000     0.000    -0.998         *         *    27.829    -0.009    27.921     0.030     0.005     0.995     2.000
    23.000         *         *     0.209     2.000     3.061     1.000     1.000     0.000    -2.939    -1.355         *    14.705    -3.172    21.137    -1.213     0.395     0.605     2.000
    19.000         *         *     1.098     2.000     2.239     0.000     0.000     1.000    -3.761         *         *    -1.555    -5.490    -3.475    -5.943     0.900     0.100     1.000
    28.000         *         *     0.507         *     4.994     0.000     1.000     0.000    -1.006         *         *    27.453    -0.190    27.540    -0.150     0.005     0.995     2.000
    24.000         *         *     0.439     2.000     4.400     0.000     0.000     0.000    -1.600         *         *    22.262    -1.244    24.011    -0.542     0.110     0.890     2.000
    17.000    14.000         *         *     2.000     1.583     1.000     0.000     0.000    -4.417    -2.694    -1.377     1.703    -4.262     1.703    -4.262     1.000     0.000     1.000
    24.000         *         *         *     2.000     5.106     1.000     0.000     0.000    -0.894         *         *    23.734    -0.834    24.102    -0.679     0.024     0.976     2.000
    26.000         *    22.000     1.109     5.000     0.947     1.000     1.000     0.000    -5.053    -3.318    -2.064    20.863    -1.162    20.902    -1.155     0.002     0.998     2.000
    29.000         *         *     0.866     2.000     4.663     1.000     1.000     0.000    -1.337         *         *    27.921    -0.235    28.004    -0.205     0.004     0.996     2.000
    21.000         *         *     0.447     2.000     4.783     1.000     1.000     0.000    -1.217         *         *    17.379    -2.936    20.754    -1.335     0.257     0.743     2.000
    28.000    25.000         *     0.620     2.000     2.464     1.000     0.000     0.000    -3.536    -1.897    -0.567    24.578    -0.703    24.632    -0.691     0.003     0.997     2.000
    23.000         *         *     0.587     2.000     4.217     1.000     1.000     0.000    -1.783    -0.085         *    20.199    -1.826    22.087    -1.105     0.121     0.879     2.000
    27.000         *         *     0.686     2.000     4.348     1.000     0.000     0.000    -1.652         *         *    26.226    -0.390    26.465    -0.313     0.013     0.987     2.000
    28.000         *         *         *     2.000     3.261     1.000     0.000     0.000    -2.739         *         *    25.994    -0.528    26.841    -0.315     0.039     0.961     2.000
    13.000     3.000         *     1.247     3.000     2.653     0.000     0.000     1.000    -3.347    -1.604    -0.389    -5.330    -6.750    -5.330    -6.750     1.000     0.000     1.000
    26.000         *         *     0.915     2.000     3.157     1.000     1.000     0.000    -2.843    -1.139         *    23.235    -1.026    24.121    -0.786     0.047     0.953     2.000
    23.000    20.000         *     0.441     2.000     2.031     0.000     0.000     0.000    -3.969    -2.333    -1.027     8.088    -3.959     4.675    -4.818     0.766     0.234     1.000
    27.000         *         *     0.140     2.000     5.429     1.000     0.000     0.000    -0.571         *         *    26.837    -0.296    26.855    -0.288     0.001     0.999     2.000
    28.000    24.000         *     0.458     3.000     1.519     0.000     1.000     0.000    -4.481    -2.916    -1.539    21.865    -1.159    22.776    -0.956     0.049     0.951     2.000
    29.000    29.000         *     0.017     5.000     2.130     0.000     1.000     0.000    -3.870    -2.021    -0.679    28.068    -0.207    28.103    -0.197     0.002     0.998     2.000
    23.000         *         *     0.590     2.000     4.923     1.000     0.000     0.000    -1.077         *         *    21.976    -1.282    23.076    -0.829     0.073     0.927     2.000
    25.000         *         *     0.642     2.000     2.946     1.000     0.000     0.000    -3.054    -1.292         *    21.069    -1.344    23.897    -0.660     0.146     0.854     2.000
    28.000         *         *     0.255     3.000     1.807     1.000     1.000     0.000    -4.193    -2.612    -1.202    23.358    -1.083    24.911    -0.765     0.070     0.930     2.000
    30.000         *         *     0.532     3.000     5.419     0.000     1.000     0.000    -0.581         *         *    29.398     0.157    29.400     0.157     0.000     1.000     2.000
    24.000    25.000         *     0.217     4.000     1.796     0.000     1.000     0.000    -4.204    -2.648    -1.265    21.987    -0.973    23.223    -0.651     0.065     0.935     2.000
    27.000         *         *     0.770     4.000     2.976     0.000     1.000     0.000    -3.024    -1.498         *    24.761    -0.734    25.874    -0.406     0.054     0.946     2.000
    25.000         *         *     0.959     8.000     4.717     0.000     1.000     0.000    -1.283         *         *    24.461    -0.803    25.237    -0.459     0.041     0.959     2.000
    30.000    27.000         *     1.091     6.000     1.317     0.000     0.000     0.000    -4.683    -2.982    -1.695    26.805    -0.315    27.024    -0.274     0.009     0.991     2.000
    29.000    24.000         *     0.872     2.000     1.252     0.000     0.000     0.000    -4.748    -2.951    -1.766    22.295    -0.979    23.399    -0.801     0.062     0.938     2.000
    30.000         *         *         *     3.000     3.297     1.000     1.000     0.000    -2.703    -1.024         *    26.933    -0.638    28.062    -0.330     0.049     0.951     2.000
    24.000         *         *     0.420     6.000     3.653     1.000     1.000     0.000    -2.347    -0.427         *    17.337    -2.906    23.118    -0.941     0.295     0.705     2.000
    16.000         *         *     0.850     2.000     3.220     0.000     0.000     1.000    -2.780    -1.038         *    -2.639    -7.027    -2.645    -7.029     1.000     0.000     1.000
    28.000    24.000         *     1.211     2.000     1.065     0.000     1.000     0.000    -4.935    -3.255    -1.969    22.297    -0.965    22.339    -0.958     0.002     0.998     2.000
    21.000         *         *     0.671     4.000     5.237     1.000     1.000     1.000    -0.763         *         *    20.336    -1.156    20.610    -1.038     0.014     0.986     2.000
    25.000    27.000         *     0.880     2.000     2.563     0.000     1.000     0.000    -3.437    -1.741    -0.413    25.257    -0.388    25.327    -0.369     0.004     0.996     2.000
    28.000         *         *     1.186     2.000     5.005     0.000     1.000     0.000    -0.995         *         *    27.425    -0.116    27.488    -0.088     0.004     0.996     2.000
    24.000    22.000         *     0.335     2.000     2.661     1.000     0.000     0.000    -3.339    -1.706    -0.274    19.837    -1.425    21.091    -1.106     0.082     0.918     2.000
    20.000         *         *     0.784     2.000     3.494     1.000     0.000     1.000    -2.506    -0.879         *     1.695    -5.802    -2.538    -6.976     0.804     0.196     1.000
    28.000         *         *     0.994     4.000     3.129     0.000     1.000     0.000    -2.871    -1.314         *    25.768    -0.591    26.909    -0.257     0.053     0.947     2.000
    29.000         *         *     0.779     2.000     4.997     0.000     1.000     0.000    -1.003         *         *    28.322    -0.016    28.377     0.008     0.003     0.997     2.000
    30.000         *         *     0.551     3.000     5.503     0.000     0.000     0.000    -0.497         *         *    29.659     0.339    29.665     0.342     0.000     1.000     2.000
    26.000         *         *     0.578     2.000     3.378     1.000     0.000     0.000    -2.622    -1.068         *    23.753    -0.869    25.029    -0.532     0.064     0.936     2.000
    30.000         *         *     0.655     2.000     5.251     1.000     1.000     0.000    -0.749         *         *    29.093    -0.037    29.119    -0.027     0.001     0.999     2.000
    28.000    30.000         *     0.833     3.000     1.541     1.000     0.000     0.000    -4.459    -2.872    -1.435    28.355    -0.071    28.362    -0.070     0.000     1.000     2.000
    23.000    14.000         *     0.233     2.000     1.443     0.000     0.000     0.000    -4.557    -2.664    -1.342     3.100    -4.477     3.100    -4.477     1.000     0.000     1.000
    26.000         *         *     0.825     2.000     3.367     0.000     0.000     0.000    -2.633    -1.040         *    24.220    -0.676    25.591    -0.280     0.070     0.930     2.000
    26.000         *         *     0.527     2.000     3.727     1.000     0.000     0.000    -2.273    -0.706         *    24.165    -0.813    25.198    -0.515     0.054     0.946     2.000
    26.000    24.000         *     0.419     2.000     2.059     0.000     0.000     0.000    -3.941    -2.371    -0.988    23.133    -0.715    23.478    -0.635     0.020     0.980     2.000
    28.000         *         *     0.494     2.000     3.017     0.000     0.000     0.000    -2.983    -1.259         *    25.774    -0.507    27.277    -0.112     0.070     0.930     2.000
    26.000    23.000         *     1.211     3.000     1.197     0.000     0.000     0.000    -4.803    -3.061    -1.780    21.179    -0.911    22.467    -0.691     0.070     0.930     2.000
    29.000    30.000         *     1.222     2.000     1.820     0.000     0.000     0.000    -4.180    -2.456    -1.248    29.297     0.167    29.307     0.169     0.000     1.000     2.000
    29.000    25.000         *     1.235     0.000     2.338     1.000     0.000     0.000    -3.662    -1.996    -0.712    24.677    -0.704    24.685    -0.703     0.000     1.000     2.000
    30.000         *         *     1.306     3.000     4.156     0.000     1.000     0.000    -1.844         *         *    28.806     0.000    29.204     0.136     0.019     0.981     2.000
    23.000         *         *     0.482     2.000     5.259     0.000     0.000     1.000    -0.741         *         *    22.540    -0.511    22.710    -0.437     0.009     0.991     2.000
    27.000         *         *     0.562     2.000     4.197     1.000     1.000     0.000    -1.803    -0.118         *    25.530    -0.677    25.842    -0.569     0.017     0.983     2.000
    28.000    24.000    17.000     0.786     4.000     0.898     0.000     0.000     0.000    -5.102    -3.529    -2.136     3.762    -3.969     3.762    -3.969     1.000     0.000     1.000
    29.000         *         *         *     2.000     4.934     0.000     0.000     0.000    -1.066         *         *    28.674     0.147    28.743     0.175     0.004     0.996     2.000
    29.000    29.000         *     0.387     2.000     2.092     0.000     0.000     1.000    -3.908    -2.297    -0.901    27.507    -0.010    27.777     0.047     0.010     0.990     2.000
    19.000         *         *     0.521     3.000     4.830     1.000     1.000     0.000    -1.170         *         *     9.464    -6.493     6.844    -7.856     0.777     0.223     1.000
    28.000    27.000         *     0.918     3.000     1.810     1.000     1.000     0.000    -4.190    -2.623    -1.183    25.072    -0.697    25.106    -0.690     0.002     0.998     2.000
    13.000         *         *     0.003     2.000     3.923     0.000     0.000     0.000    -2.077    -0.359         *     4.715    -7.083     4.715    -7.083     1.000     0.000     1.000
     9.000         *         *     0.318     2.000     5.714     1.000     0.000     0.000    -0.286         *         *     6.660    -8.241     6.660    -8.241     1.000     0.000     1.000
    20.000    18.000         *     0.200     2.000     0.734     1.000     0.000     0.000    -5.266    -3.699    -2.281     1.462    -3.590     1.462    -3.590     1.000     0.000     1.000
    13.000         *         *     0.127     2.000     4.969     1.000     0.000     0.000    -1.031         *         *     5.712    -7.652     5.712    -7.652     1.000     0.000     1.000
    30.000         *         *     0.280     2.000     4.104     1.000     1.000     0.000    -1.896    -0.178         *    28.292    -0.306    28.593    -0.208     0.015     0.985     2.000
    30.000         *         *     0.389     4.000     2.951     1.000     1.000     0.000    -3.049    -1.506         *    26.694    -0.682    27.944    -0.361     0.053     0.947     2.000
    29.000    27.000         *     0.201     2.000     1.542     1.000     0.000     0.000    -4.458    -2.853    -1.470    25.591    -0.610    25.613    -0.607     0.001     0.999     2.000
    16.000     8.000         *     0.077     2.000     1.084     1.000     0.000     1.000    -4.916    -3.307    -1.878    -6.780    -5.210    -6.780    -5.210     1.000     0.000     1.000
    30.000         *         *     0.655     2.000     3.006     1.000     0.000     0.000    -2.994    -1.399         *    27.488    -0.345    28.547    -0.107     0.045     0.955     2.000
    17.000         *         *     0.428     1.000     5.487     0.000     0.000     0.000    -0.513         *         *     9.741    -7.669     9.684    -7.707     0.994     0.006     1.000
    30.000    24.000         *     0.647     2.000     2.492     1.000     0.000     0.000    -3.508    -1.979    -0.504    23.979    -0.933    24.468    -0.830     0.026     0.974     2.000
    26.000         *         *     1.030     3.000     3.400     0.000     1.000     0.000    -2.600    -0.953         *    24.110    -0.784    25.024    -0.491     0.048     0.952     2.000
    28.000         *         *     0.485     3.000     2.724     0.000     1.000     0.000    -3.276    -1.722         *    25.222    -0.715    26.386    -0.395     0.055     0.945     2.000
    25.000    26.000         *     0.620     3.000     1.709     0.000     0.000     0.000    -4.291    -2.735    -1.342    24.690    -0.358    25.047    -0.282     0.018     0.982     2.000
    22.000         *         *     0.592     2.000     3.469     1.000     0.000     0.000    -2.531    -0.980         *     9.225    -4.585     4.679    -5.922     0.741     0.259     1.000
    25.000         *         *     0.819     2.000     2.083     0.000     0.000     0.000    -3.917    -2.300         *    20.578    -1.223    24.465    -0.383     0.188     0.812     2.000
    24.000    29.000    20.000     0.395     3.000     1.043     0.000     1.000     0.000    -4.957    -3.411    -1.985     5.765    -4.329     5.760    -4.330     1.000     0.000     1.000
    27.000         *         *     1.318     2.000     4.660     1.000     1.000     0.000    -1.340         *         *    26.079    -0.471    26.184    -0.433     0.006     0.994     2.000
    30.000         *         *     0.836     2.000     5.725     0.000     0.000     0.000    -0.275         *         *    29.551     0.364    29.552     0.364     0.000     1.000     2.000
    28.000         *         *     0.970     2.000     3.338     1.000     1.000     0.000    -2.662    -1.005         *    25.596    -0.672    26.163    -0.519     0.028     0.972     2.000
    28.000         *         *     1.156     2.000     4.890     0.000     0.000     0.000    -1.110         *         *    27.759     0.071    27.841     0.102     0.005     0.995     2.000
    28.000         *         *         *     3.000     4.783     1.000     0.000     0.000    -1.217         *         *    27.576    -0.174    27.658    -0.144     0.004     0.996     2.000
    17.000         *         *     0.737     2.000     3.387     1.000     0.000     0.000    -2.613    -0.975         *     3.372    -5.949     3.372    -5.949     1.000     0.000     1.000
    30.000         *         *     0.770     2.000     3.332     1.000     1.000     0.000    -2.668    -0.964         *    27.344    -0.481    28.020    -0.302     0.031     0.969     2.000
    30.000         *         *         *     2.000     2.981     1.000     0.000     0.000    -3.019         *         *    27.543    -0.354    28.477    -0.141     0.040     0.960     2.000
    28.000         *         *     1.304     2.000     5.434     1.000     0.000     0.000    -0.566         *         *    27.695    -0.041    27.704    -0.038     0.000     1.000     2.000
    28.000    20.000         *     0.784     2.000     2.699     1.000     1.000     0.000    -3.301    -1.577    -0.329    12.998    -3.531     6.192    -5.343     0.522     0.478     1.000
    30.000    29.000         *     0.740     4.000     1.541     1.000     1.000     0.000    -4.459    -2.661    -1.473    27.156    -0.506    27.172    -0.503     0.001     0.999     2.000
    26.000         *         *         *     4.000     4.742     1.000     1.000     0.000    -1.258         *         *    25.268    -0.707    25.454    -0.630     0.011     0.989     2.000
    26.000     9.000         *     1.356     3.000     2.346     0.000     1.000     0.000    -3.654    -1.834    -0.665     3.253    -5.659     3.253    -5.659     1.000     0.000     1.000
    23.000    19.000         *     0.499     1.000     2.842     0.000     0.000     0.000    -3.158    -1.333    -0.090    13.237    -3.166    19.060    -1.311     0.482     0.518     2.000
    15.000         *         *     0.773     2.000     3.507     0.000     0.000     0.000    -2.493    -0.903         *     4.347    -6.305     4.347    -6.305     1.000     0.000     1.000
    15.000         *         *     1.301     2.000     3.231     0.000     0.000     1.000    -2.769    -1.175         *    -2.890    -6.860    -2.891    -6.860     1.000     0.000     1.000
         *         *         *         *     2.000     5.096     1.000     0.000     1.000    -0.904         *         *     2.247    -7.389    -1.717    -8.753     0.826     0.174     1.000
    26.000         *         *     1.181     2.000     4.734     1.000     0.000     0.000    -1.266         *         *    25.578    -0.419    25.724    -0.368     0.008     0.992     2.000
     2.000         *         *     0.480     8.000     5.588     1.000     1.000     1.000    -0.412         *         *    -3.469   -11.104    -3.469   -11.104     1.000     0.000     1.000
     9.000         *         *     1.055     2.000     5.057     0.000     1.000     0.000    -0.943         *         *     6.378    -8.167     6.378    -8.167     1.000     0.000     1.000
    29.000         *         *     0.502     3.000     0.652     1.000     1.000     0.000    -5.348    -3.332         *    23.629    -0.962    24.569    -0.829     0.042     0.958     2.000
    25.000         *         *     0.770     4.000     4.033     0.000     1.000     1.000    -1.967         *         *    20.671    -1.460    23.623    -0.452     0.126     0.874     2.000
    26.000    29.000    27.000     0.776     2.000     0.827     0.000     0.000     0.000    -5.173    -3.556    -2.157    27.127    -0.048    27.127    -0.048     0.000     1.000     2.000
    10.000         *         *         *     6.000     4.778     0.000     1.000     1.000    -1.222         *         *    -1.989   -10.091    -1.989   -10.091     1.000     0.000     1.000
    28.000    26.000         *     0.469     4.000     2.371     0.000     0.000     0.000    -3.629    -2.001    -0.641    25.976    -0.353    26.080    -0.327     0.005     0.995     2.000
    29.000    28.000         *     0.636     2.000     2.508     1.000     1.000     0.000    -3.492    -1.796    -0.534    26.765    -0.503    26.775    -0.500     0.000     1.000     2.000
    28.000         *         *     0.669     2.000     4.592     0.000     0.000     0.000    -1.408         *         *    27.528    -0.060    27.788     0.037     0.014     0.986     2.000
