    11.000         *         *         *     2.000     5.727     1.000     1.000     1.000     1.727         *         *    18.666    -7.570    18.667    -7.576     0.001     0.999     2.000
    23.000    23.000         *     0.121     2.000     2.308     0.000     0.000     0.000    -1.692    -0.261     1.307    20.471    -2.292    23.058    -1.041     0.590     0.410     1.000
    29.000         *         *    -0.057     2.000     3.849     0.000     0.000     0.000    -0.151     1.313         *    28.225    -0.651    28.505    -0.482     0.962     0.038     1.000
    14.000         *         *         *     2.000     4.148     1.000     0.000     1.000     0.148         *         *    12.160    -6.553    12.148    -6.563     0.002     0.998     2.000
    18.000         *         *    -0.142     2.000     1.429     1.000     0.000     1.000    -2.571         *         *     4.908    -5.659     4.904    -5.660     0.000     1.000     2.000
    30.000    30.000         *     0.370     2.000     2.237     1.000     0.000     0.000    -1.763    -0.335     1.203    29.083    -0.324    29.088    -0.323     1.000     0.000     1.000
    22.000    24.000         *     0.408     2.000     1.418     1.000     0.000     1.000    -2.582    -1.088     0.404    21.343    -0.848    22.470    -0.527     0.930     0.070     1.000
    26.000    28.000    29.000     0.346     2.000    -0.019     1.000     0.000     0.000    -4.019    -2.468    -0.979    28.070     0.205    28.070     0.205     1.000     0.000     1.000
    26.000         *         *    -0.081     3.000     3.209     1.000     1.000     0.000    -0.791     0.645         *    24.968    -1.733    25.643    -1.365     0.912     0.088     1.000
    28.000    27.000         *     0.403     2.000     0.901     1.000     0.000     0.000    -3.099    -1.603    -0.075    25.986    -0.656    26.005    -0.652     0.999     0.001     1.000
    30.000         *         *     0.078     2.000     3.223     1.000     1.000     0.000    -0.777     0.669         *    28.187    -1.004    28.523    -0.861     0.966     0.034     1.000
    11.000         *         *         *     9.000     4.994     1.000     1.000     0.000     0.994         *         *    20.864    -7.742    20.864    -7.742     0.000     1.000     2.000
    19.000         *         *    -0.079     2.000     3.469     1.000     0.000     0.000    -0.531         *         *    16.466    -5.083    16.464    -5.084     0.000     1.000     2.000
    29.000    30.000         *     0.324     4.000    -0.019     1.000     1.000     0.000    -4.019    -2.537    -1.017    27.124    -0.605    27.236    -0.583     0.994     0.006     1.000
    12.000         *         *    -0.495     2.000     4.536     1.000     0.000     1.000     0.536         *         *    13.436    -7.430    13.436    -7.430     0.000     1.000     2.000
    29.000         *         *    -0.341     3.000     4.750     1.000     1.000     0.000     0.750         *         *    29.180    -0.950    29.221    -0.914     0.993     0.007     1.000
    29.000         *         *     0.121     2.000     5.752     0.000     0.000     0.000     1.752         *         *    29.474    -0.503    29.483    -0.484     0.996     0.004     1.000
     9.000         *         *         *     2.000     4.657     1.000     0.000     1.000     0.657         *         *    13.047    -6.906    13.047    -6.906     0.000     1.000     2.000
    28.000         *         *    -0.246     2.000     3.392     0.000     0.000     0.000    -0.608     0.864         *    27.092    -0.879    27.524    -0.645     0.945     0.055     1.000
    26.000    23.000         *     0.308     2.000     2.470     0.000     0.000     0.000    -1.530    -0.097     1.463    23.671    -1.330    24.099    -1.145     0.943     0.057     1.000
    19.000         *         *     0.026     2.000     5.257     1.000     1.000     1.000     1.257         *         *    21.834    -2.402    22.110    -1.988     0.925     0.075     1.000
    26.000         *         *     0.329     3.000     4.400     0.000     0.000     1.000     0.400         *         *    25.305    -0.737    25.668    -0.486     0.959     0.041     1.000
    28.000         *         *     0.425     2.000     3.222     0.000     0.000     0.000    -0.778     0.697         *    26.905    -0.780    27.414    -0.548     0.940     0.060     1.000
    21.000         *         *     0.302     2.000     4.372     0.000     0.000     0.000     0.372     1.822         *    21.764    -4.505    21.408    -5.158     0.181     0.819     2.000
    21.000         *         *         *     3.000     3.682     1.000     0.000     0.000    -0.318         *         *    17.248    -4.901    17.069    -5.009     0.030     0.970     2.000
     7.000         *         *    -0.533     3.000     4.874     0.000     0.000     0.000     0.874         *         *    21.022    -6.651    21.022    -6.651     0.000     1.000     2.000
    28.000         *         *     0.056     4.000     3.474     1.000     1.000     0.000    -0.526     0.883         *    27.155    -1.218    27.463    -1.050     0.964     0.036     1.000
         *         *         *         *     2.000     4.739     0.000     0.000     1.000     0.739         *         *    18.064    -5.174    15.643    -6.908     0.289     0.711     2.000
    25.000    24.000         *     0.052     2.000     2.171     1.000     0.000     0.000    -1.829    -0.407     1.165    23.628    -1.250    24.013    -1.130     0.959     0.041     1.000
    21.000         *         *     0.318     2.000     5.303     1.000     1.000     0.000     1.303         *         *    24.484    -2.701    24.620    -2.065     0.836     0.164     1.000
    25.000         *         *    -0.364     3.000     4.367     0.000     1.000     0.000     0.367     1.841         *    25.924    -1.729    26.100    -1.373     0.926     0.074     1.000
    27.000         *         *         *     8.000     1.848     1.000     1.000     1.000    -2.152    -0.702         *    16.085    -4.084     7.605    -7.284     0.492     0.508     2.000
    21.000         *         *     0.422     2.000     1.851     1.000     0.000     1.000    -2.149         *         *     7.205    -5.159     6.142    -5.494     0.071     0.929     2.000
    21.000         *         *         *     2.000     5.089     1.000     0.000     0.000     1.089         *         *    23.154    -3.147    24.189    -1.873     0.630     0.370     1.000
    27.000         *         *    -0.300     1.000     4.455     0.000     1.000     0.000     0.455     1.945         *    27.323    -1.219    27.413    -1.085     0.971     0.029     1.000
     7.000         *         *         *     2.000     3.811     1.000     1.000     0.000    -0.189     1.283         *    17.088    -5.683    17.088    -5.683     0.000     1.000     2.000
     7.000         *         *         *     2.000     3.455     1.000     0.000     0.000    -0.545         *         *    14.706    -4.938    14.706    -4.938     0.000     1.000     2.000
    29.000         *         *     0.384     2.000     2.831     0.000     0.000     0.000    -1.169     0.322         *    27.353    -0.657    27.957    -0.426     0.939     0.061     1.000
    24.000         *         *     0.203     2.000     0.531     1.000     0.000     0.000    -3.469         *         *    14.829    -2.247     9.133    -3.382     0.361     0.639     2.000
    28.000         *         *    -0.224     2.000     4.551     0.000     0.000     0.000     0.551         *         *    28.101    -0.781    28.223    -0.667     0.976     0.024     1.000
    29.000         *         *     0.121     2.000     3.085     0.000     0.000     0.000    -0.915     0.606         *    27.553    -0.694    28.093    -0.459     0.942     0.058     1.000
    27.000    25.000         *     0.050     2.000     1.820     0.000     1.000     0.000    -2.180    -0.669     0.752    24.675    -1.143    24.836    -1.073     0.978     0.022     1.000
    28.000         *         *     0.017     3.000     2.853     0.000     0.000     0.000    -1.147     0.349         *    26.697    -0.835    27.362    -0.539     0.931     0.069     1.000
    23.000         *         *    -0.048     2.000     4.770     1.000     0.000     0.000     0.770         *         *    24.561    -2.175    25.164    -1.623     0.855     0.145     1.000
    14.000         *         *    -0.037         *     3.628     1.000     0.000     1.000    -0.372     1.143         *    10.441    -7.021    10.441    -7.021     0.000     1.000     2.000
    19.000         *         *    -0.150     2.000     1.134     1.000     0.000     1.000    -2.866    -1.373         *     4.248    -5.492     4.224    -5.500     0.002     0.998     2.000
    30.000    30.000         *     0.406     3.000     1.547     1.000     0.000     0.000    -2.453    -0.924     0.552    28.815    -0.338    28.823    -0.336     0.999     0.001     1.000
    29.000         *         *     0.436     2.000     2.497     1.000     0.000     0.000    -1.503         *         *    27.124    -0.780    27.543    -0.666     0.967     0.033     1.000
    29.000    23.000         *     0.326     3.000     1.226     1.000     1.000     0.000    -2.774    -1.283     0.231    19.854    -2.500    23.227    -1.625     0.663     0.337     1.000
    27.000         *         *    -0.078     2.000     3.800     0.000     1.000     0.000    -0.200     1.269         *    26.674    -1.257    26.888    -1.052     0.954     0.046     1.000
     0.000         *         *         *     2.000     5.519     1.000     0.000     1.000     1.519         *         *    14.541    -7.522    14.541    -7.522     0.000     1.000     2.000
    27.000         *         *    -0.279     2.000     2.992     1.000     0.000     0.000    -1.008     0.483         *    25.809    -1.209    26.396    -0.989     0.942     0.058     1.000
    28.000         *         *    -0.303     2.000     5.361     0.000     1.000     0.000     1.361         *         *    28.861    -0.914    28.871    -0.873     0.992     0.008     1.000
    28.000    29.000         *    -0.281    10.000     2.295     1.000     1.000     0.000    -1.705    -0.144     1.302    28.328    -0.484    28.339    -0.478     0.999     0.001     1.000
    30.000         *         *     0.321     3.000     2.801     1.000     1.000     0.000    -1.199     0.272         *    27.786    -1.009    28.256    -0.832     0.957     0.043     1.000
    30.000         *         *     0.239     4.000     1.651     0.000     1.000     0.000    -2.349    -0.916     0.617    26.421    -1.099    27.667    -0.662     0.892     0.108     1.000
    29.000         *         *     0.143     3.000     1.547     1.000     1.000     0.000    -2.453    -0.982         *    25.784    -1.168    26.534    -0.958     0.942     0.058     1.000
    22.000         *         *     0.113     2.000     5.547     0.000     1.000     0.000     1.547         *         *    25.555    -2.137    25.409    -1.742     0.910     0.090     1.000
    30.000         *         *    -0.131     5.000     3.220     1.000     1.000     0.000    -0.780     0.752         *    28.501    -0.947    28.854    -0.774     0.966     0.034     1.000
         *         *         *         *     2.000     5.758     0.000     1.000     1.000     1.758         *         *    21.788    -5.052    19.978    -7.892     0.428     0.572     2.000
    30.000    29.000         *    -0.369     2.000     1.440     1.000     1.000     0.000    -2.560    -1.050     0.382    27.473    -0.908    27.506    -0.899     0.997     0.003     1.000
     4.000         *         *         *     2.000     1.103     1.000     0.000     1.000    -2.897    -1.548     0.242     3.049    -4.827     3.049    -4.827     0.000     1.000     2.000
    27.000         *         *     0.015    -1.000     4.151     0.000     0.000     0.000     0.151         *         *    26.827    -0.993    27.026    -0.853     0.961     0.039     1.000
     8.000         *         *    -0.339     3.000     5.312     0.000     0.000     1.000     1.312         *         *    17.491    -7.930    17.491    -7.930     0.000     1.000     2.000
    29.000    30.000         *    -0.076     5.000     1.068     1.000     1.000     0.000    -2.932    -1.417     0.075    28.087    -0.518    28.183    -0.491     0.994     0.006     1.000
    30.000         *         *     0.318     2.000     3.283     0.000     0.000     0.000    -0.717     0.910         *    28.355    -0.552    28.937    -0.298     0.939     0.061     1.000
    27.000    20.000         *     0.436     2.000     1.032     1.000     0.000     1.000    -2.968    -1.288     0.015    11.151    -3.659     5.206    -4.987     0.398     0.602     2.000
    30.000         *         *     0.392     2.000     3.302     1.000     0.000     0.000    -0.698         *         *    28.549    -0.612    28.835    -0.516     0.975     0.025     1.000
    30.000         *         *     0.507     2.000     4.370     1.000     0.000     0.000     0.370         *         *    29.369    -0.496    29.456    -0.454     0.990     0.010     1.000
    28.000    28.000         *     0.466     2.000     1.358     0.000     0.000     0.000    -2.642    -1.080     0.360    27.134    -0.331    27.182    -0.319     0.996     0.004     1.000
    17.000         *         *     0.543     3.000     4.184     1.000     0.000     1.000     0.184     1.792         *    12.654    -6.613    12.571    -6.671     0.012     0.988     2.000
    26.000    24.000         *     0.532     1.000     1.287     0.000     0.000     0.000    -2.713    -1.094     0.294    23.707    -0.865    24.039    -0.786     0.965     0.035     1.000
    28.000         *         *     0.852     4.000     4.427     0.000     1.000     0.000     0.427         *         *    28.011    -0.867    28.141    -0.724     0.970     0.030     1.000
    29.000         *         *     1.016     1.000     5.095     0.000     0.000     0.000     1.095         *         *    28.858    -0.448    28.930    -0.380     0.983     0.017     1.000
    29.000    29.000         *     0.994     2.000     1.549     0.000     0.000     0.000    -2.451    -0.845     0.554    28.119    -0.188    28.148    -0.182     0.998     0.002     1.000
    27.000    28.000         *     1.052     2.000     0.838     1.000     0.000     0.000    -3.162    -1.573    -0.204    26.677    -0.321    26.687    -0.319     0.999     0.001     1.000
    12.000     4.000         *     1.276     2.000     0.764     1.000     0.000     1.000    -3.236    -1.630    -0.289     2.010    -4.391     2.010    -4.391     0.000     1.000     2.000
    22.000         *         *    -0.089     3.000     5.492     0.000     1.000     0.000     1.492         *         *    25.593    -2.296    25.434    -1.759     0.886     0.114     1.000
    16.000     8.000         *     0.045     2.000     0.808     1.000     1.000     0.000    -3.192    -1.644    -0.155    10.193    -4.061    10.193    -4.061     0.000     1.000     2.000
    26.000         *         *     0.266     2.000     0.950     1.000     0.000     0.000    -3.050         *         *    23.026    -0.999    25.368    -0.523     0.846     0.154     1.000
    30.000    26.000         *     0.184     2.000     1.785     0.000     0.000     0.000    -2.215    -0.634     0.825    26.279    -0.902    26.494    -0.841     0.979     0.021     1.000
    28.000         *         *     0.274     2.000     3.011     1.000     1.000     0.000    -0.989         *         *    26.499    -1.241    26.840    -1.098     0.963     0.037     1.000
    22.000     2.000         *     0.742     2.000     1.448     0.000     0.000     0.000    -2.552    -0.905     0.491    11.898    -3.679    11.898    -3.679     0.000     1.000     2.000
    30.000         *         *     0.630     2.000     5.215     0.000     1.000     0.000     1.215         *         *    29.786    -0.525    29.827    -0.457     0.986     0.014     1.000
    29.000         *         *     0.726     2.000     5.577     1.000     0.000     0.000     1.577         *         *    29.448    -0.582    29.459    -0.572     0.998     0.002     1.000
    28.000    19.000         *    -0.021     8.000     2.732     0.000     1.000     0.000    -1.268     0.215     1.808    18.834    -6.248    18.831    -6.252     0.001     0.999     2.000
    28.000    27.000         *    -0.191     4.000     1.799     0.000     1.000     0.000    -2.201    -0.650     0.746    26.443    -0.798    26.541    -0.754     0.989     0.011     1.000
    30.000    30.000         *     0.239     7.000     1.827     0.000     1.000     0.000    -2.173    -0.702     0.831    29.124    -0.285    29.220    -0.244     0.992     0.008     1.000
    29.000    24.000         *    -0.057     3.000     0.936     0.000     1.000     0.000    -3.064    -1.617    -0.081    21.728    -1.979    23.999    -1.237     0.759     0.241     1.000
    30.000         *         *    -0.281     7.000     5.298     1.000     1.000     0.000     1.298         *         *    30.472    -0.676    30.472    -0.676     1.000     0.000     1.000
    26.000    28.000    28.000     0.343     6.000     0.066     0.000     1.000     0.000    -3.934    -2.444    -0.908    27.663     0.114    27.678     0.119     0.999     0.001     1.000
    15.000         *         *    -0.103     4.000     4.131     0.000     1.000     1.000     0.131     1.726         *    15.951    -7.856    15.950    -7.858     0.000     1.000     2.000
    26.000         *         *     0.554     2.000     5.393     1.000     0.000     0.000     1.393         *         *    27.546    -1.094    27.584    -1.059     0.991     0.009     1.000
    27.000         *         *    -0.314     2.000     3.770     1.000     0.000     0.000    -0.230     1.261         *    26.705    -1.167    26.981    -1.032     0.967     0.033     1.000
    27.000         *         *    -0.142     4.000     0.019     1.000     0.000     0.000    -3.981         *         *    23.130    -0.915    26.193    -0.338     0.833     0.167     1.000
    28.000         *         *     0.075     1.000     4.277     1.000     1.000     0.000     0.277     1.825         *    27.841    -1.159    27.947    -1.088     0.983     0.017     1.000
    27.000         *         *    -0.065     2.000     2.615     1.000     0.000     0.000    -1.385     0.157         *    25.439    -1.156    26.172    -0.919     0.934     0.066     1.000
    19.000    14.000         *     0.277     4.000     1.933     0.000     0.000     0.000    -2.067    -0.431     1.080    14.136    -4.469    14.136    -4.469     0.000     1.000     2.000
    22.000    20.000         *     0.400     3.000     2.483     1.000     0.000     0.000    -1.517    -0.031     1.466    14.738    -4.247    14.678    -4.274     0.008     0.992     2.000
    24.000         *         *     0.554     0.000     2.957     0.000     1.000     0.000    -1.043     0.475         *    22.956    -1.906    23.744    -1.381     0.826     0.174     1.000
    24.000         *         *     0.017     2.000     5.624     1.000     1.000     0.000     1.624         *         *    26.864    -1.646    26.879    -1.596     0.989     0.011     1.000
    18.000         *         *     0.620    10.000     3.034     1.000     1.000     1.000    -0.966     0.595         *     9.884    -8.214     9.882    -8.216     0.000     1.000     2.000
    28.000    28.000    20.000     0.595     2.000     0.430     0.000     1.000     0.000    -3.570    -1.986    -0.590    16.609    -2.775    14.308    -3.228     0.294     0.706     2.000
    30.000         *         *     0.486     3.000     5.355     1.000     0.000     0.000     1.355         *         *    30.021    -0.444    30.031    -0.436     0.998     0.002     1.000
    24.000         *         *     0.576     6.000     3.324     1.000     1.000     1.000    -0.676     0.784         *    20.725    -2.649    23.520    -1.159     0.760     0.240     1.000
    24.000         *         *         *     8.000     3.310     1.000     1.000     0.000    -0.690         *         *    19.838    -4.813    17.594    -6.374     0.318     0.682     2.000
    29.000    30.000    30.000     0.192     8.000     0.427     0.000     0.000     0.000    -3.573    -2.066    -0.587    29.682     0.209    29.683     0.209     1.000     0.000     1.000
     7.000         *         *     0.204     4.000     5.670     1.000     0.000     0.000     1.670         *         *    21.081    -6.677    21.081    -6.677     0.000     1.000     2.000
    11.000         *         *         *     0.000     5.410     0.000     1.000     1.000     1.410         *         *    19.623    -7.122    19.623    -7.122     0.000     1.000     2.000
    28.000         *         *    -0.295     0.000     2.248     0.000     0.000     0.000    -1.752    -0.204         *    25.941    -0.922    26.598    -0.704     0.934     0.066     1.000
    30.000         *         *    -0.007     2.000     4.594     1.000     0.000     0.000     0.594         *         *    29.588    -0.546    29.643    -0.515     0.993     0.007     1.000
    30.000    30.000    28.000     0.085     5.000     0.816     1.000     1.000     0.000    -3.184    -1.639    -0.163    27.982    -0.644    27.983    -0.644     1.000     0.000     1.000
    28.000         *         *     0.152     2.000     3.598     0.000     0.000     0.000    -0.402     1.165         *    27.266    -0.796    27.626    -0.596     0.952     0.048     1.000
    29.000         *         *     0.337     2.000     5.073     0.000     0.000     0.000     1.073         *         *    29.036    -0.505    29.089    -0.448     0.988     0.012     1.000
    24.000    20.000         *     0.356     2.000     1.941     0.000     0.000     0.000    -2.059    -0.426     0.954    16.402    -3.454    15.583    -3.772     0.147     0.853     2.000
    28.000         *         *     0.406     2.000     5.747     1.000     0.000     0.000     1.747         *         *    29.048    -0.767    29.056    -0.759     0.998     0.002     1.000
    28.000    29.000         *     0.609     2.000     1.375     1.000     1.000     0.000    -2.625    -1.113     0.404    27.155    -0.620    27.195    -0.610     0.997     0.003     1.000
    30.000    30.000         *     0.701     2.000     1.256     1.000     0.000     0.000    -2.744    -1.211     0.245    28.499    -0.394    28.504    -0.393     1.000     0.000     1.000
    27.000         *         *    -0.082     2.000     4.651     0.000     0.000     0.000     0.651         *         *    27.476    -0.940    27.603    -0.808     0.971     0.029     1.000
    28.000         *         *     0.160     2.000     2.872     0.000     0.000     0.000    -1.128     0.459         *    26.662    -0.810    27.240    -0.568     0.937     0.063     1.000
    29.000         *         *     0.206     2.000     3.581     1.000     0.000     0.000    -0.419     1.075         *    28.060    -0.755    28.283    -0.668     0.978     0.022     1.000
    29.000         *         *     0.356     2.000     4.071     1.000     0.000     0.000     0.071     1.639         *    28.467    -0.694    28.594    -0.637     0.986     0.014     1.000
    25.000         *         *     0.518     2.000     3.690     0.000     0.000     0.000    -0.310         *         *    24.683    -1.498    25.458    -0.990     0.858     0.142     1.000
    27.000    24.000         *     0.400     3.000     0.947     0.000     0.000     0.000    -3.053    -1.480    -0.133    23.625    -0.906    24.373    -0.718     0.934     0.066     1.000
    22.000         *         *     0.496     2.000     2.757     1.000     1.000     0.000    -1.243     0.308         *    16.813    -4.470    16.230    -4.770     0.096     0.904     2.000
    29.000         *         *     0.565     2.000     3.546     1.000     0.000     0.000    -0.454     1.102         *    28.017    -0.703    28.244    -0.620     0.978     0.022     1.000
    30.000         *         *     0.718     2.000     3.617     1.000     1.000     0.000    -0.383     1.192         *    28.570    -0.850    28.844    -0.729     0.970     0.030     1.000
    29.000    27.000         *     0.863     2.000     1.470     1.000     0.000     0.000    -2.530    -0.971     0.445    26.505    -0.731    26.515    -0.729     0.999     0.001     1.000
    22.000    24.000         *     0.896     4.000     2.267     0.000     1.000     0.000    -1.733    -0.122     1.603    19.313    -3.463    17.764    -4.449     0.272     0.728     2.000
    29.000         *         *     0.579     2.000     3.343     0.000     0.000     0.000    -0.657     0.897         *    27.764    -0.596    28.222    -0.392     0.949     0.051     1.000
    21.000         *         *     0.822     1.000     3.786     0.000     1.000     0.000    -0.214     1.493         *    21.597    -3.861    21.254    -4.775     0.315     0.685     2.000
    27.000         *         *     0.735     3.000     5.892     0.000     0.000     0.000     1.892         *         *    28.350    -0.746    28.359    -0.715     0.993     0.007     1.000
    28.000    26.000         *     0.779     4.000     1.785     0.000     1.000     0.000    -2.215    -0.628     0.754    25.831    -0.855    25.948    -0.810     0.987     0.013     1.000
    19.000         *         *         *     2.000     3.532     1.000     0.000     0.000    -0.468     1.184         *    16.466    -4.742    16.465    -4.743     0.000     1.000     2.000
    20.000    19.000     1.000     0.302     2.000     0.421     1.000     1.000     1.000    -3.579    -2.074    -0.598     3.544    -5.365     3.544    -5.365     0.000     1.000     2.000
    28.000    26.000         *     0.953     2.000     2.483     0.000     0.000     0.000    -1.517     0.056     1.450    26.441    -0.639    26.477    -0.627     0.996     0.004     1.000
    21.000    16.000         *     1.022     2.000     2.330     1.000     0.000     0.000    -1.670    -0.094     1.231    13.656    -3.667    13.656    -3.667     0.000     1.000     2.000
    29.000         *         *     1.299     4.000     5.355     0.000     1.000     0.000     1.355         *         *    29.258    -0.562    29.282    -0.513     0.990     0.010     1.000
     0.000         *         *         *     2.000     5.068     1.000     0.000     1.000     1.068         *         *    12.885    -7.460    12.885    -7.460     0.000     1.000     2.000
    23.000    22.000    23.000     1.334     2.000     0.714     1.000     0.000     0.000    -3.286    -1.691    -0.313    22.540    -0.523    22.690    -0.497     0.987     0.013     1.000
    29.000         *         *    -0.125     3.000     5.141     0.000     0.000     0.000     1.141         *         *    29.231    -0.529    29.258    -0.492     0.993     0.007     1.000
    29.000    30.000    27.000    -0.104     3.000     0.575     1.000     1.000     0.000    -3.425    -1.877    -0.439    27.056    -0.752    27.057    -0.752     1.000     0.000     1.000
    29.000    26.000         *    -0.084     2.000     2.510     1.000     0.000     0.000    -1.490     0.062     1.480    26.684    -0.993    26.702    -0.988     0.998     0.002     1.000
    29.000    26.000         *     0.272     2.000     0.580     1.000     0.000     0.000    -3.420    -1.945    -0.491    25.119    -0.906    25.173    -0.898     0.996     0.004     1.000
    29.000         *         *     0.436     3.000     4.381     0.000     1.000     0.000     0.381         *         *    28.643    -0.777    28.775    -0.640     0.972     0.028     1.000
    26.000    17.000         *     0.570     3.000     2.004     1.000     0.000     0.000    -1.996    -0.127     0.971    13.411    -3.963    13.411    -3.963     0.000     1.000     2.000
    24.000    15.000         *     0.050     2.000     2.111     1.000     0.000     0.000    -1.889    -0.303     1.118    13.349    -4.240    13.349    -4.240     0.000     1.000     2.000
    29.000         *         *     0.047     2.000     5.432     0.000     1.000     0.000     1.432         *         *    29.441    -0.717    29.455    -0.675     0.992     0.008     1.000
    29.000         *         *     0.080     2.000     1.525     1.000     0.000     0.000    -2.475    -0.968         *    26.233    -0.860    26.867    -0.723     0.957     0.043     1.000
    21.000    16.000         *     0.138     4.000     1.134     0.000     0.000     0.000    -2.866    -1.302     0.136    12.485    -4.064    12.485    -4.064     0.000     1.000     2.000
    30.000         *         *     0.282     2.000     3.619     0.000     1.000     0.000    -0.381     1.146         *    28.553    -0.811    28.928    -0.567     0.946     0.054     1.000
    24.000    25.000         *     0.480     2.000     2.138     1.000     0.000     0.000    -1.862    -0.308     1.162    23.891    -0.985    24.419    -0.829     0.947     0.053     1.000
    23.000         *         *     0.493     1.000     5.588     1.000     1.000     0.000     1.588         *         *    26.081    -1.804    26.106    -1.709     0.976     0.024     1.000
    28.000         *         *     0.507     2.000     3.113     1.000     0.000     0.000    -0.887     0.645         *    26.864    -0.881    27.216    -0.765     0.967     0.033     1.000
    22.000         *         *     0.537     2.000     3.920     0.000     0.000     1.000    -0.080     1.499         *    19.894    -2.764    22.434    -1.090     0.673     0.327     1.000
    25.000         *         *     0.608     4.000     1.440     0.000     1.000     0.000    -2.560         *         *    21.960    -1.728    24.863    -0.609     0.700     0.300     1.000
    29.000    27.000    27.000     0.595     3.000     0.706     0.000     1.000     0.000    -3.294    -1.751    -0.344    26.391    -0.638    26.395    -0.637     1.000     0.000     1.000
    27.000         *    10.000     0.381     5.000     0.605     0.000     1.000     0.000    -3.395    -1.825    -0.294    12.549    -4.390    12.549    -4.390     0.000     1.000     2.000
    29.000         *         *    -0.163     3.000     3.231     0.000     1.000     0.000    -0.769     0.741         *    27.648    -0.997    28.022    -0.754     0.948     0.052     1.000
    26.000         *         *    -0.007     7.000     3.494     0.000     1.000     0.000    -0.506     1.012         *    25.453    -1.914    26.369    -1.018     0.832     0.168     1.000
    23.000         *         *     0.165     2.000     2.595     0.000     0.000     0.000    -1.405         *         *    18.566    -3.468    16.802    -4.341     0.265     0.735     2.000
    15.000         *         *     0.162     0.000     3.368     0.000     0.000     0.000    -0.632     0.836         *    17.991    -4.494    17.991    -4.494     0.000     1.000     2.000
    22.000    18.000     7.000     0.193     2.000     0.764     1.000     0.000     0.000    -3.236    -1.723    -0.267     9.380    -3.560     9.380    -3.560     0.000     1.000     2.000
    28.000         *         *     0.206     2.000     5.032     0.000     0.000     0.000     1.032         *         *    28.397    -0.690    28.457    -0.620     0.985     0.015     1.000
    27.000         *         *     0.343     2.000     4.397     0.000     0.000     0.000     0.397     1.923         *    27.184    -0.910    27.379    -0.748     0.962     0.038     1.000
    24.000    14.000         *     0.452     2.000     2.541     0.000     0.000     0.000    -1.459     0.094     1.573    16.322    -4.201    16.322    -4.201     0.000     1.000     2.000
    30.000     4.000         *     0.565     4.000     2.867     1.000     1.000     0.000    -1.133     0.858     1.926    15.906    -5.417    15.906    -5.417     0.000     1.000     2.000
    26.000     8.000         *     0.642     4.000     2.199     1.000     1.000     1.000    -1.801    -0.270     1.264     8.508    -6.450     8.508    -6.450     0.000     1.000     2.000
     0.000         *         *         *     2.000     5.166     1.000     1.000     1.000     1.166         *         *    14.871    -7.934    14.871    -7.934     0.000     1.000     2.000
    17.000         *         *     0.455    10.000     4.427     1.000     1.000     0.000     0.427     1.953         *    19.851    -7.433    19.851    -7.433     0.000     1.000     2.000
    30.000         *         *     0.346     4.000     1.840     0.000     1.000     0.000    -2.160         *         *    26.643    -1.066    27.838    -0.628     0.895     0.105     1.000
    28.000         *         *         *     5.000     3.586     1.000     1.000     0.000    -0.414     1.157         *    27.342    -1.132    27.633    -0.969     0.966     0.034     1.000
    29.000    29.000         *     0.239     9.000     1.317     0.000     0.000     0.000    -2.683    -1.168     0.292    28.688    -0.028    28.846     0.027     0.989     0.011     1.000
    30.000         *         *     0.198    11.000     1.610     0.000     1.000     0.000    -2.390    -0.828         *    27.265    -1.009    29.107    -0.205     0.867     0.133     1.000
    21.000         *         *     0.168     7.000     1.758     1.000     1.000     0.000    -2.242    -0.738         *    13.061    -5.570    13.057    -5.572     0.000     1.000     2.000
    25.000         *         *     0.513     2.000     4.942     1.000     0.000     0.000     0.942         *         *    26.418    -1.343    26.560    -1.233     0.971     0.029     1.000
    29.000         *         *     0.118    13.000     5.402     0.000     1.000     0.000     1.402         *         *    30.014    -0.562    30.014    -0.562     1.000     0.000     1.000
    28.000    20.000         *     0.085    10.000     0.870     0.000     1.000     0.000    -3.130    -1.589    -0.059    13.126    -5.714    13.124    -5.715     0.000     1.000     2.000
    23.000         *         *    -0.057     2.000     4.216     0.000     0.000     0.000     0.216         *         *    23.304    -2.887    24.501    -1.417     0.618     0.382     1.000
    24.000         *         *         *     5.000     5.451     1.000     1.000     0.000     1.451         *         *    26.719    -1.632    26.760    -1.537     0.980     0.020     1.000
    26.000         *         *    -0.139     2.000     5.043     1.000     1.000     0.000     1.043         *         *    27.435    -1.406    27.473    -1.356     0.989     0.011     1.000
    26.000         *         *    -0.161     2.000     5.040     0.000     0.000     0.000     1.040         *         *    27.181    -1.108    27.259    -0.979     0.971     0.029     1.000
    27.000         *         *    -0.188     2.000     4.781     0.000     1.000     0.000     0.781         *         *    27.698    -1.149    27.750    -1.040     0.977     0.023     1.000
    30.000         *         *    -0.174     4.000     3.288     1.000     1.000     0.000    -0.712     0.812         *    28.449    -0.986    28.799    -0.815     0.965     0.035     1.000
    30.000         *         *    -0.188     5.000     4.556     0.000     1.000     0.000     0.556         *         *    29.697    -0.611    29.767    -0.523     0.985     0.015     1.000
    29.000    28.000         *     0.430     2.000     0.854     1.000     1.000     0.000    -3.146    -1.636    -0.141    26.202    -0.895    26.236    -0.888     0.997     0.003     1.000
    28.000         *         *     0.337     2.000     3.825     1.000     0.000     0.000    -0.175     1.395         *    27.516    -0.878    27.710    -0.794     0.979     0.021     1.000
    27.000         *         *     0.258     2.000     4.397     0.000     0.000     0.000     0.397         *         *    27.193    -0.925    27.386    -0.761     0.961     0.039     1.000
    27.000         *         *     0.124     2.000     5.612     1.000     0.000     0.000     1.612         *         *    28.427    -0.959    28.439    -0.946     0.997     0.003     1.000
    28.000    28.000         *     0.044     2.000     0.410     1.000     1.000     0.000    -3.590    -2.093    -0.615    25.876    -0.768    25.953    -0.752     0.995     0.005     1.000
    27.000    24.000         *     0.025     2.000     2.124     1.000     0.000     0.000    -1.876    -0.355     1.173    24.462    -1.253    24.581    -1.218     0.988     0.012     1.000
    29.000         *         *    -0.128     3.000     5.602     0.000     0.000     0.000     1.602         *         *    29.494    -0.521    29.505    -0.501     0.996     0.004     1.000
    27.000         *         *     1.446     4.000     3.753     1.000     1.000     0.000    -0.247     1.504         *    26.618    -1.145    26.892    -1.005     0.964     0.036     1.000
    28.000         *         *     1.392     2.000     1.520     0.000     0.000     0.000    -2.480         *         *    25.789    -0.559    26.598    -0.395     0.934     0.066     1.000
    27.000         *         *     1.038     2.000     3.898     1.000     1.000     0.000    -0.102     1.674         *    26.677    -1.219    26.876    -1.113     0.971     0.029     1.000
    24.000         *         *     0.573     2.000     5.670     1.000     1.000     0.000     1.670         *         *    26.801    -1.585    26.819    -1.530     0.987     0.013     1.000
         *         *         *         *     2.000     4.137     1.000     0.000     1.000     0.137         *         *    14.629    -5.282    11.579    -6.688     0.251     0.749     2.000
    29.000         *         *         *     8.000     5.738     0.000     1.000     0.000     1.738         *         *    29.901    -0.579    29.901    -0.576     0.999     0.001     1.000
    24.000         *         *         *     3.000     4.030     0.000     1.000     0.000     0.030     1.551         *    24.497    -2.132    24.968    -1.418     0.826     0.174     1.000
    29.000    27.000         *    -0.060     5.000     1.911     0.000     1.000     0.000    -2.089    -0.543     0.951    26.836    -0.828    26.942    -0.779     0.989     0.011     1.000
    26.000         *         *    -0.330     3.000     3.406     0.000     1.000     0.000    -0.594     0.946         *    25.468    -1.597    25.927    -1.186     0.910     0.090     1.000
    29.000         *         *     0.482     3.000     3.425     0.000     0.000     0.000    -0.575     0.913         *    27.904    -0.595    28.362    -0.373     0.948     0.052     1.000
    29.000         *         *     1.280     4.000     5.304     1.000     1.000     0.000     1.304         *         *    29.403    -0.700    29.421    -0.682     0.996     0.004     1.000
    28.000    27.000         *     1.008     4.000     1.747     0.000     1.000     0.000    -2.253    -0.606     0.782    26.530    -0.634    26.607    -0.606     0.992     0.008     1.000
    23.000         *         *     0.948     1.000     2.538     1.000     0.000     0.000    -1.462     0.103     1.606    16.907    -2.947    13.946    -3.757     0.330     0.670     2.000
    28.000    29.000         *     0.357     8.000     1.361     1.000     1.000     0.000    -2.639    -1.077     0.379    27.842    -0.393    27.946    -0.357     0.993     0.007     1.000
    28.000    14.000         *     0.061     4.000     0.246     1.000     1.000     1.000    -3.754    -2.148    -0.516     3.476    -5.843     3.476    -5.843     0.000     1.000     2.000
    27.000    27.000    23.000     0.003     4.000     0.567     0.000     1.000     0.000    -3.433    -1.882    -0.426    23.929    -1.068    24.049    -1.029     0.988     0.012     1.000
    29.000         *         *         *     2.000     3.910     1.000     0.000     0.000    -0.090     1.710         *    28.324    -0.693    28.480    -0.628     0.983     0.017     1.000
    20.000    12.000         *     1.068     4.000     2.111     1.000     0.000     0.000    -1.889    -0.067     1.118    12.352    -4.069    12.352    -4.069     0.000     1.000     2.000
    10.000         *         *         *     5.000     5.161     1.000     0.000     0.000     1.161         *         *    19.839    -6.424    19.839    -6.424     0.000     1.000     2.000
    20.000         *         *     0.575     2.000     3.767     0.000     1.000     0.000    -0.233     1.406         *    20.960    -5.166    20.932    -5.236     0.018     0.982     2.000
    30.000         *         *     0.475     2.000     5.846     1.000     1.000     0.000     1.846         *         *    30.401    -0.626    30.405    -0.620     0.999     0.001     1.000
    29.000         *         *     0.409     2.000     4.170     0.000     0.000     0.000     0.170     1.699         *    28.427    -0.556    28.630    -0.424     0.969     0.031     1.000
    25.000         *         *     0.379     2.000     3.707     0.000     1.000     0.000    -0.293     1.222         *    24.937    -1.673    25.322    -1.283     0.902     0.098     1.000
    30.000         *         *     0.296     7.000     4.145     1.000     1.000     0.000     0.145     1.655         *    29.593    -0.667    29.655    -0.624     0.992     0.008     1.000
    23.000         *         *     0.272     2.000     4.682     0.000     0.000     0.000     0.682         *         *    24.349    -2.384    24.932    -1.389     0.740     0.260     1.000
    30.000         *         *         *     2.000     3.184     1.000     0.000     0.000    -0.816         *         *    28.413    -0.634    28.736    -0.529     0.973     0.027     1.000
    14.000    11.000         *     0.723     2.000     0.687     1.000     0.000     0.000    -3.313    -1.710    -0.292     8.656    -3.048     8.656    -3.048     0.000     1.000     2.000
    23.000         *         *     0.280     2.000     5.687     1.000     0.000     0.000     1.687         *         *    26.094    -1.664    26.167    -1.536     0.968     0.032     1.000
    30.000    28.000    29.000    -0.093     2.000     0.621     0.000     0.000     0.000    -3.379    -1.808    -0.390    27.979    -0.323    27.980    -0.323     1.000     0.000     1.000
    24.000         *         *    -0.169     2.000     5.837     0.000     1.000     0.000     1.837         *         *    26.977    -1.527    26.952    -1.442     0.983     0.017     1.000
     1.000         *         *     1.217         *     4.545     1.000     0.000     0.000     0.545         *         *    16.272    -5.547    16.272    -5.547     0.000     1.000     2.000
    27.000         *         *     1.233     2.000     3.425     1.000     0.000     0.000    -0.575     1.149         *    26.314    -0.922    26.660    -0.809     0.964     0.036     1.000
    22.000         *         *     1.170     2.000     4.923     1.000     0.000     0.000     0.923         *         *    23.366    -2.590    24.501    -1.652     0.700     0.300     1.000
    29.000         *         *     0.992     2.000     5.601     0.000     0.000     0.000     1.601         *         *    29.205    -0.418    29.227    -0.385     0.992     0.008     1.000
    27.000         *         *     0.822     2.000     3.491     1.000     0.000     0.000    -0.509         *         *    26.393    -0.986    26.717    -0.868     0.966     0.034     1.000
    29.000    28.000         *     0.713     2.000     1.126     1.000     1.000     0.000    -2.874    -1.173     0.070    26.587    -0.829    26.607    -0.825     0.998     0.002     1.000
    28.000         *         *     0.532     2.000     4.191     1.000     0.000     0.000     0.191     1.901         *    27.818    -0.830    27.953    -0.766     0.984     0.016     1.000
    30.000    29.000         *     1.553     5.000     1.136     0.000     1.000     0.000    -2.864    -1.140     0.108    27.987    -0.413    28.078    -0.389     0.993     0.007     1.000
    27.000    11.000         *     1.504     2.000     2.957     0.000     0.000     0.000    -1.043     0.738     1.981    17.206    -3.718    17.206    -3.718     0.000     1.000     2.000
    28.000    27.000         *     1.383     2.000     2.790     1.000     0.000     0.000    -1.210     0.505     1.786    27.172    -0.589    27.175    -0.588     1.000     0.000     1.000
    22.000         *         *     1.224     2.000     5.497     1.000     0.000     0.000     1.497         *         *    24.902    -1.981    25.176    -1.604     0.881     0.119     1.000
    19.000         *         *     1.126     2.000     4.512     0.000     0.000     0.000     0.512         *         *    21.207    -4.731    21.202    -4.744     0.004     0.996     2.000
    13.000         *         *     0.660     3.000     3.154     1.000     0.000     0.000    -0.846     0.782         *    14.558    -4.779    14.558    -4.779     0.000     1.000     2.000
    28.000         *         *         *     3.000     3.165     1.000     1.000     0.000    -0.835     1.006         *    26.753    -1.180    27.096    -1.026     0.962     0.038     1.000
    27.000         *         *     0.636     4.000     5.328     1.000     1.000     0.000     1.328         *         *    28.325    -1.091    28.343    -1.067     0.995     0.005     1.000
    20.000    10.000         *     0.441     3.000     1.492     1.000     0.000     0.000    -2.508    -0.960     0.491    10.598    -4.006    10.598    -4.006     0.000     1.000     2.000
    30.000         *         *     0.441     2.000     3.863     0.000     0.000     0.000    -0.137     1.379         *    28.833    -0.461    29.204    -0.263     0.955     0.045     1.000
    30.000         *         *     0.359     2.000     5.051     1.000     1.000     0.000     1.051         *         *    29.889    -0.695    29.921    -0.667     0.994     0.006     1.000
    23.000         *         *     0.998     2.000     2.237     1.000     0.000     1.000    -1.763         *         *    15.634    -2.804    21.898    -0.969     0.567     0.433     1.000
    30.000    29.000         *     0.072    11.000     1.911     1.000     1.000     0.000    -2.089    -0.401     0.913    28.824    -0.485    28.862    -0.469     0.997     0.003     1.000
    29.000         *         *     0.732     2.000     4.800     0.000     0.000     0.000     0.800         *         *    28.797    -0.476    28.894    -0.394     0.981     0.019     1.000
    26.000    27.000         *     0.096     3.000     2.628     0.000     0.000     0.000    -1.372     0.168     1.652    26.449    -0.525    26.526    -0.489     0.990     0.010     1.000
    26.000         *         *         *     2.000     4.159     0.000     0.000     0.000     0.159         *         *    26.170    -1.139    26.499    -0.884     0.935     0.065     1.000
    22.000         *         *     0.742     2.000     5.073     0.000     0.000     0.000     1.073         *         *    24.235    -2.755    24.621    -1.505     0.653     0.347     1.000
    23.000         *         *     0.398     3.000     4.641     1.000     1.000     0.000     0.641         *         *    24.615    -2.320    25.039    -1.775     0.865     0.135     1.000
    29.000    26.000    26.000     0.467     3.000     0.660     1.000     1.000     0.000    -3.340    -1.797    -0.360    25.337    -0.961    25.339    -0.961     1.000     0.000     1.000
    26.000    29.000         *     0.441     2.000     2.275     0.000     0.000     0.000    -1.725    -0.218     1.258    27.359    -0.147    27.523    -0.088     0.983     0.017     1.000
    30.000    29.000         *     0.089     2.000     2.475     1.000     1.000     0.000    -1.525     0.051     1.461    28.497    -0.735    28.507    -0.731     0.999     0.001     1.000
    29.000    27.000         *     0.231     2.000     2.333     1.000     0.000     0.000    -1.667    -0.152     1.316    27.105    -0.789    27.114    -0.787     0.999     0.001     1.000
    24.000         *         *    -0.026     2.000     2.152     0.000     0.000     0.000    -1.848         *         *    19.778    -2.598    15.758    -4.244     0.466     0.534     2.000
    27.000    26.000         *     0.044     2.000     2.527     1.000     0.000     0.000    -1.473     0.084     1.521    26.078    -0.910    26.097    -0.904     0.998     0.002     1.000
    13.000         *         *     0.296     2.000     4.851     0.000     1.000     0.000     0.851         *         *    23.155    -6.155    23.155    -6.155     0.000     1.000     2.000
    28.000         *         *         *     4.000     1.596     1.000     1.000     0.000    -2.404         *         *    25.247    -1.162    26.216    -0.872     0.925     0.075     1.000
    29.000    28.000    28.000         *     2.000     0.766     0.000     0.000     0.000    -3.234    -1.682    -0.207    27.501    -0.300    27.501    -0.300     1.000     0.000     1.000
    25.000    29.000         *         *     4.000     2.713     0.000     0.000     0.000    -1.287     0.294     1.702    26.964    -0.257    27.361    -0.062     0.953     0.047     1.000
    26.000         *         *         *     2.000     3.324     0.000     0.000     0.000    -0.676         *         *    25.256    -1.188    25.974    -0.812     0.896     0.104     1.000
    30.000         *         *     0.201     4.000     1.002     1.000     1.000     0.000    -2.998    -1.428         *    25.804    -1.152    26.839    -0.901     0.929     0.071     1.000
    25.000         *         *     0.319     2.000     5.550     1.000     1.000     0.000     1.550         *         *    27.302    -1.453    27.320    -1.415     0.992     0.008     1.000
    28.000         *         *     1.189     4.000     4.416     0.000     1.000     0.000     0.416         *         *    27.961    -0.821    28.094    -0.682     0.969     0.031     1.000
    30.000    30.000    28.000     0.669     2.000     0.729     0.000     0.000     0.000    -3.271    -1.677    -0.300    28.075    -0.387    28.075    -0.387     1.000     0.000     1.000
    25.000         *         *     0.836     3.000     4.813     1.000     1.000     1.000     0.813         *         *    25.240    -1.039    25.321    -0.979     0.990     0.010     1.000
    27.000         *         *     0.879     7.000     5.823     1.000     1.000     0.000     1.823         *         *    28.868    -1.000    28.870    -0.995     0.999     0.001     1.000
    28.000         *         *     0.962     2.000     3.275     0.000     0.000     0.000    -0.725     0.927         *    26.944    -0.681    27.430    -0.476     0.942     0.058     1.000
    28.000    27.000         *     0.373     3.000     1.999     1.000     0.000     0.000    -2.001    -0.333     0.968    26.749    -0.668    26.761    -0.665     0.999     0.001     1.000
    20.000         *         *     0.639     4.000     5.558     1.000     1.000     0.000     1.558         *         *    24.403    -3.416    24.442    -2.128     0.688     0.312     1.000
    19.000         *         *     0.718     2.000     3.929     0.000     0.000     0.000    -0.071     1.504         *    19.696    -4.742    19.694    -4.746     0.001     0.999     2.000
    25.000         *         *     0.434     2.000     4.833     1.000     0.000     0.000     0.833         *         *    26.298    -1.370    26.467    -1.245     0.967     0.033     1.000
    23.000         *         *     0.294     2.000     0.504     1.000     0.000     1.000    -3.496         *         *     7.810    -3.758     2.643    -4.934     0.266     0.734     2.000
    28.000         *         *     0.918     2.000     3.003     1.000     0.000     0.000    -0.997     0.576         *    26.788    -0.812    27.143    -0.707     0.968     0.032     1.000
    22.000     9.000         *     0.838     2.000     2.721     1.000     1.000     0.000    -1.279     0.242     1.737    15.226    -4.709    15.226    -4.709     0.000     1.000     2.000
    25.000    26.000         *     0.918     2.000     2.486     0.000     0.000     0.000    -1.514     0.037     1.461    25.403    -0.582    25.548    -0.526     0.981     0.019     1.000
    25.000         *         *     0.304     3.000     4.786     0.000     0.000     0.000     0.786         *         *    26.150    -1.398    26.395    -1.064     0.923     0.077     1.000
    19.000         *         *     0.707     2.000     3.028     1.000     0.000     0.000    -0.972     0.645         *    15.040    -4.334    15.040    -4.334     0.000     1.000     2.000
    27.000         *         *     1.050     2.000     5.052     1.000     0.000     0.000     1.052         *         *    27.779    -0.890    27.838    -0.851     0.990     0.010     1.000
    29.000         *         *     0.833     2.000     2.927     1.000     0.000     0.000    -1.073     0.554         *    27.520    -0.691    27.839    -0.600     0.973     0.027     1.000
    29.000         *         *     0.573     2.000     5.404     1.000     0.000     0.000     1.404         *         *    29.371    -0.603    29.387    -0.591     0.997     0.003     1.000
    22.000    23.000         *     1.087     2.000     2.300     1.000     0.000     0.000    -1.700    -0.021     1.244    18.818    -2.173    22.841    -1.008     0.511     0.489     1.000
    26.000         *         *     0.403    -1.000     4.616     0.000     0.000     0.000     0.616         *         *    26.505    -1.100    26.654    -0.958     0.958     0.042     1.000
    29.000    29.000         *     0.545     4.000     1.629     0.000     1.000     0.000    -2.371    -0.776     0.617    27.941    -0.433    28.019    -0.405     0.993     0.007     1.000
    20.000         *         *     1.419     2.000     5.780     1.000     0.000     1.000     1.780         *         *    22.869    -1.501    22.933    -1.439     0.987     0.013     1.000
    29.000    28.000         *     0.532     4.000     1.290     1.000     0.000     0.000    -2.710    -1.044     0.237    27.330    -0.509    27.342    -0.506     0.999     0.001     1.000
    26.000         *         *     0.767     2.000     3.836     0.000     1.000     0.000    -0.164     1.439         *    25.865    -1.338    26.139    -1.087     0.935     0.065     1.000
    27.000    25.000         *     0.923    12.000     2.188     0.000     1.000     0.000    -1.812    -0.127     1.173    25.251    -1.143    25.976    -0.694     0.918     0.082     1.000
    27.000    16.000         *     0.699     2.000     2.765     1.000     0.000     0.000    -1.235     0.322     1.734    15.522    -4.010    15.522    -4.010     0.000     1.000     2.000
    23.000         *         *     1.123     2.000     2.176     0.000     0.000     0.000    -1.824         *         *    17.772    -2.686    15.453    -3.490     0.273     0.727     2.000
    10.000         *         *         *     2.000     4.066     1.000     0.000     1.000     0.066     1.688         *    11.368    -6.615    11.368    -6.615     0.000     1.000     2.000
    29.000         *         *     0.225     5.000     5.246     1.000     1.000     0.000     1.246         *         *    29.621    -0.802    29.625    -0.796     0.999     0.001     1.000
    24.000         *         *     0.857     1.000     4.172     0.000     1.000     0.000     0.172         *         *    24.685    -1.797    24.936    -1.414     0.890     0.110     1.000
    30.000    30.000         *     0.866     2.000     1.730     0.000     0.000     0.000    -2.270    -0.656     0.645    29.057    -0.097    29.090    -0.089     0.997     0.003     1.000
    30.000         *         *     0.326     2.000     1.226     1.000     0.000     0.000    -2.774         *         *    26.395    -0.869    27.127    -0.734     0.954     0.046     1.000
    28.000         *         *     0.129     2.000     3.548     1.000     0.000     0.000    -0.452     1.110         *    27.272    -0.924    27.527    -0.821     0.974     0.026     1.000
    28.000         *         *     0.392     4.000     5.634     0.000     1.000     0.000     1.634         *         *    29.037    -0.796    29.041    -0.769     0.995     0.005     1.000
    28.000         *         *     0.288     3.000     5.002     0.000     0.000     0.000     1.002         *         *    28.422    -0.669    28.484    -0.597     0.985     0.015     1.000
    23.000         *         *     0.209     2.000     3.061     1.000     1.000     0.000    -0.939     0.645         *    19.760    -3.678    17.410    -5.029     0.409     0.591     2.000
    19.000         *         *     1.098     2.000     2.239     0.000     0.000     1.000    -1.761         *         *     9.679    -4.974     9.243    -5.148     0.048     0.952     2.000
    28.000         *         *     0.507         *     4.994     0.000     1.000     0.000     0.994         *         *    28.463    -0.860    28.507    -0.780     0.983     0.017     1.000
    24.000         *         *     0.439     2.000     4.400     0.000     0.000     0.000     0.400         *         *    24.709    -1.880    25.308    -1.212     0.821     0.179     1.000
    17.000    14.000         *         *     2.000     1.583     1.000     0.000     0.000    -2.417    -0.694     0.623    11.344    -3.639    11.344    -3.639     0.000     1.000     2.000
    24.000         *         *         *     2.000     5.106     1.000     0.000     0.000     1.106         *         *    25.909    -1.558    26.099    -1.383     0.953     0.047     1.000
    26.000         *    22.000     1.109     5.000     0.947     1.000     1.000     0.000    -3.053    -1.318    -0.064    22.502    -1.332    23.047    -1.192     0.949     0.051     1.000
    29.000         *         *     0.866     2.000     4.663     1.000     1.000     0.000     0.663         *         *    28.853    -0.834    28.924    -0.784     0.988     0.012     1.000
    21.000         *         *     0.447     2.000     4.783     1.000     1.000     0.000     0.783         *         *    23.201    -3.382    23.842    -2.097     0.644     0.356     1.000
    28.000    25.000         *     0.620     2.000     2.464     1.000     0.000     0.000    -1.536     0.103     1.433    25.807    -1.037    25.831    -1.030     0.998     0.002     1.000
    23.000         *         *     0.587     2.000     4.217     1.000     1.000     0.000     0.217     1.915         *    23.720    -2.419    24.412    -1.783     0.820     0.180     1.000
    27.000         *         *     0.686     2.000     4.348     1.000     0.000     0.000     0.348         *         *    27.204    -0.980    27.355    -0.902     0.979     0.021     1.000
    28.000         *         *         *     2.000     3.261     1.000     0.000     0.000    -0.739         *         *    27.000    -0.882    27.316    -0.772     0.970     0.030     1.000
    13.000     3.000         *     1.247     3.000     2.653     0.000     0.000     1.000    -1.347     0.396     1.611     8.903    -5.739     8.903    -5.739     0.000     1.000     2.000
    26.000         *         *     0.915     2.000     3.157     1.000     1.000     0.000    -0.843     0.861         *    24.973    -1.478    25.470    -1.265     0.936     0.064     1.000
    23.000    20.000         *     0.441     2.000     2.031     0.000     0.000     0.000    -1.969    -0.333     0.973    16.190    -3.561    15.673    -3.789     0.089     0.911     2.000
    27.000         *         *     0.140     2.000     5.429     1.000     0.000     0.000     1.429         *         *    28.270    -0.969    28.290    -0.950     0.996     0.004     1.000
    28.000    24.000         *     0.458     3.000     1.519     0.000     1.000     0.000    -2.481    -0.916     0.461    23.691    -1.426    24.306    -1.199     0.924     0.076     1.000
    29.000    29.000         *     0.017     5.000     2.130     0.000     1.000     0.000    -1.870    -0.021     1.321    28.395    -0.401    28.425    -0.386     0.997     0.003     1.000
    23.000         *         *     0.590     2.000     4.923     1.000     0.000     0.000     0.923         *         *    24.759    -1.964    25.249    -1.537     0.880     0.120     1.000
    25.000         *         *     0.642     2.000     2.946     1.000     0.000     0.000    -1.054     0.708         *    23.244    -1.642    24.879    -1.097     0.822     0.178     1.000
    28.000         *         *     0.255     3.000     1.807     1.000     1.000     0.000    -2.193    -0.612     0.798    25.328    -1.223    26.109    -0.985     0.934     0.066     1.000
    30.000         *         *     0.532     3.000     5.419     0.000     1.000     0.000     1.419         *         *    29.994    -0.487    30.006    -0.456     0.994     0.006     1.000
    24.000    25.000         *     0.217     4.000     1.796     0.000     1.000     0.000    -2.204    -0.648     0.735    22.943    -1.488    24.373    -0.751     0.813     0.187     1.000
    27.000         *         *     0.770     4.000     2.976     0.000     1.000     0.000    -1.024     0.502         *    25.931    -1.148    26.472    -0.829     0.923     0.077     1.000
    25.000         *         *     0.959     8.000     4.717     0.000     1.000     0.000     0.717         *         *    26.297    -1.749    26.590    -1.121     0.883     0.117     1.000
    30.000    27.000         *     1.091     6.000     1.317     0.000     0.000     0.000    -2.683    -0.982     0.305    27.097    -0.504    27.304    -0.451     0.984     0.016     1.000
    29.000    24.000         *     0.872     2.000     1.252     0.000     0.000     0.000    -2.748    -0.951     0.234    23.844    -1.180    24.577    -1.044     0.924     0.076     1.000
    30.000         *         *         *     3.000     3.297     1.000     1.000     0.000    -0.703     0.976         *    28.309    -0.938    28.668    -0.781     0.965     0.035     1.000
    24.000         *         *     0.420     6.000     3.653     1.000     1.000     0.000    -0.347     1.573         *    22.428    -3.308    24.832    -1.526     0.608     0.392     1.000
    16.000         *         *     0.850     2.000     3.220     0.000     0.000     1.000    -0.780     0.962         *    11.631    -5.873    11.630    -5.873     0.000     1.000     2.000
    28.000    24.000         *     1.211     2.000     1.065     0.000     1.000     0.000    -2.935    -1.255     0.031    23.637    -1.189    23.931    -1.115     0.969     0.031     1.000
    21.000         *         *     0.671     4.000     5.237     1.000     1.000     1.000     1.237         *         *    23.205    -1.700    23.306    -1.581     0.980     0.020     1.000
    25.000    27.000         *     0.880     2.000     2.563     0.000     1.000     0.000    -1.437     0.259     1.587    25.849    -0.680    26.038    -0.580     0.971     0.029     1.000
    28.000         *         *     1.186     2.000     5.005     0.000     1.000     0.000     1.005         *         *    28.300    -0.800    28.358    -0.708     0.979     0.021     1.000
    24.000    22.000         *     0.335     2.000     2.661     1.000     0.000     0.000    -1.339     0.294     1.726    22.308    -1.754    23.098    -1.474     0.886     0.114     1.000
    20.000         *         *     0.784     2.000     3.494     1.000     0.000     1.000    -0.506     1.121         *    13.188    -4.867    10.776    -5.965     0.246     0.754     2.000
    28.000         *         *     0.994     4.000     3.129     0.000     1.000     0.000    -0.871     0.686         *    26.852    -0.942    27.300    -0.688     0.940     0.060     1.000
    29.000         *         *     0.779     2.000     4.997     0.000     1.000     0.000     0.997         *         *    28.999    -0.681    29.053    -0.600     0.983     0.017     1.000
    30.000         *         *     0.551     3.000     5.503     0.000     0.000     0.000     1.503         *         *    29.894    -0.291    29.910    -0.269     0.996     0.004     1.000
    26.000         *         *     0.578     2.000     3.378     1.000     0.000     0.000    -0.622     0.932         *    25.303    -1.261    25.904    -1.034     0.933     0.067     1.000
    30.000         *         *     0.655     2.000     5.251     1.000     1.000     0.000     1.251         *         *    29.976    -0.644    30.000    -0.622     0.995     0.005     1.000
    28.000    30.000         *     0.833     3.000     1.541     1.000     0.000     0.000    -2.459    -0.872     0.565    28.495    -0.103    28.507    -0.101     0.999     0.001     1.000
    23.000    14.000         *     0.233     2.000     1.443     0.000     0.000     0.000    -2.557    -0.664     0.658    13.507    -3.764    13.507    -3.764     0.000     1.000     2.000
    26.000         *         *     0.825     2.000     3.367     0.000     0.000     0.000    -0.633     0.960         *    25.316    -1.106    25.991    -0.771     0.902     0.098     1.000
    26.000         *         *     0.527     2.000     3.727     1.000     0.000     0.000    -0.273     1.294         *    25.703    -1.264    26.169    -1.064     0.943     0.057     1.000
    26.000    24.000         *     0.419     2.000     2.059     0.000     0.000     0.000    -1.941    -0.371     1.012    24.211    -0.989    24.463    -0.901     0.968     0.032     1.000
    28.000         *         *     0.494     2.000     3.017     0.000     0.000     0.000    -0.983     0.741         *    26.732    -0.772    27.309    -0.531     0.936     0.064     1.000
    26.000    23.000         *     1.211     3.000     1.197     0.000     0.000     0.000    -2.803    -1.061     0.220    22.632    -1.012    23.584    -0.803     0.898     0.102     1.000
    29.000    30.000         *     1.222     2.000     1.820     0.000     0.000     0.000    -2.180    -0.456     0.752    28.924     0.048    28.947     0.054     0.998     0.002     1.000
    29.000    25.000         *     1.235     0.000     2.338     1.000     0.000     0.000    -1.662     0.004     1.288    25.888    -1.053    25.893    -1.052     1.000     0.000     1.000
    30.000         *         *     1.306     3.000     4.156     0.000     1.000     0.000     0.156         *         *    28.994    -0.566    29.254    -0.375     0.957     0.043     1.000
    23.000         *         *     0.482     2.000     5.259     0.000     0.000     1.000     1.259         *         *    24.109    -1.069    24.212    -0.948     0.978     0.022     1.000
    27.000         *         *     0.562     2.000     4.197     1.000     1.000     0.000     0.197     1.882         *    27.060    -1.254    27.196    -1.164     0.978     0.022     1.000
    28.000    24.000    17.000     0.786     4.000     0.898     0.000     0.000     0.000    -3.102    -1.529    -0.136    13.398    -3.363    13.398    -3.363     0.000     1.000     2.000
    29.000         *         *         *     2.000     4.934     0.000     0.000     0.000     0.934         *         *    28.928    -0.495    29.001    -0.425     0.984     0.016     1.000
    29.000    29.000         *     0.387     2.000     2.092     0.000     0.000     1.000    -1.908    -0.297     1.099    27.549    -0.043    27.778     0.031     0.985     0.015     1.000
    19.000         *         *     0.521     3.000     4.830     1.000     1.000     0.000     0.830         *         *    21.957    -5.324    21.837    -5.945     0.189     0.811     2.000
    28.000    27.000         *     0.918     3.000     1.810     1.000     1.000     0.000    -2.190    -0.623     0.817    26.290    -0.871    26.319    -0.863     0.997     0.003     1.000
    13.000         *         *     0.003     2.000     3.923     0.000     0.000     0.000    -0.077     1.641         *    19.062    -5.404    19.062    -5.404     0.000     1.000     2.000
     9.000         *         *     0.318     2.000     5.714     1.000     0.000     0.000     1.714         *         *    21.516    -6.130    21.516    -6.130     0.000     1.000     2.000
    20.000    18.000         *     0.200     2.000     0.734     1.000     0.000     0.000    -3.266    -1.699    -0.281     9.722    -3.410     9.722    -3.410     0.000     1.000     2.000
    13.000         *         *     0.127     2.000     4.969     1.000     0.000     0.000     0.969         *         *    19.918    -5.804    19.918    -5.804     0.000     1.000     2.000
    30.000         *         *     0.280     2.000     4.104     1.000     1.000     0.000     0.104     1.822         *    29.112    -0.825    29.256    -0.743     0.982     0.018     1.000
    30.000         *         *     0.389     4.000     2.951     1.000     1.000     0.000    -1.049     0.494         *    28.074    -0.943    28.515    -0.764     0.960     0.040     1.000
    29.000    27.000         *     0.201     2.000     1.542     1.000     0.000     0.000    -2.458    -0.853     0.530    26.538    -0.796    26.554    -0.793     0.999     0.001     1.000
    16.000     8.000         *     0.077     2.000     1.084     1.000     0.000     1.000    -2.916    -1.307     0.122     3.562    -5.355     3.562    -5.355     0.000     1.000     2.000
    30.000         *         *     0.655     2.000     3.006     1.000     0.000     0.000    -0.994     0.601         *    28.268    -0.610    28.635    -0.501     0.970     0.030     1.000
    17.000         *         *     0.428     1.000     5.487     0.000     0.000     0.000     1.487         *         *    24.169    -5.445    24.174    -5.455     0.002     0.998     2.000
    30.000    24.000         *     0.647     2.000     2.492     1.000     0.000     0.000    -1.508     0.021     1.496    25.556    -1.338    25.871    -1.264     0.966     0.034     1.000
    26.000         *         *     1.030     3.000     3.400     0.000     1.000     0.000    -0.600     1.047         *    25.445    -1.308    25.880    -0.999     0.919     0.081     1.000
    28.000         *         *     0.485     3.000     2.724     0.000     1.000     0.000    -1.276     0.278         *    26.434    -1.036    26.929    -0.785     0.939     0.061     1.000
    25.000    26.000         *     0.620     3.000     1.709     0.000     0.000     0.000    -2.291    -0.735     0.658    25.176    -0.467    25.488    -0.366     0.968     0.032     1.000
    22.000         *         *     0.592     2.000     3.469     1.000     0.000     0.000    -0.531     1.020         *    17.473    -4.161    16.671    -4.550     0.116     0.884     2.000
    25.000         *         *     0.819     2.000     2.083     0.000     0.000     0.000    -1.917    -0.300         *    22.499    -1.383    24.905    -0.612     0.747     0.253     1.000
    24.000    29.000    20.000     0.395     3.000     1.043     0.000     1.000     0.000    -2.957    -1.411     0.015    15.856    -3.767    15.851    -3.769     0.001     0.999     2.000
    27.000         *         *     1.318     2.000     4.660     1.000     1.000     0.000     0.660         *         *    27.446    -1.107    27.534    -1.044     0.983     0.017     1.000
    30.000         *         *     0.836     2.000     5.725     0.000     0.000     0.000     1.725         *         *    29.877    -0.275    29.890    -0.253     0.995     0.005     1.000
    28.000         *         *     0.970     2.000     3.338     1.000     1.000     0.000    -0.662     0.995         *    26.854    -1.105    27.117    -0.995     0.969     0.031     1.000
    28.000         *         *     1.156     2.000     4.890     0.000     0.000     0.000     0.890         *         *    28.126    -0.594    28.227    -0.503     0.977     0.023     1.000
    28.000         *         *         *     3.000     4.783     1.000     0.000     0.000     0.783         *         *    28.390    -0.782    28.442    -0.749     0.992     0.008     1.000
    17.000         *         *     0.737     2.000     3.387     1.000     0.000     0.000    -0.613     1.025         *    15.741    -4.540    15.741    -4.540     0.000     1.000     2.000
    30.000         *         *     0.770     2.000     3.332     1.000     1.000     0.000    -0.668     1.036         *    28.283    -0.881    28.606    -0.753     0.967     0.033     1.000
    30.000         *         *         *     2.000     2.981     1.000     0.000     0.000    -1.019         *         *    28.251    -0.648    28.608    -0.538     0.971     0.029     1.000
    28.000         *         *     1.304     2.000     5.434     1.000     0.000     0.000     1.434         *         *    28.643    -0.681    28.669    -0.662     0.995     0.005     1.000
    28.000    20.000         *     0.784     2.000     2.699     1.000     1.000     0.000    -1.301     0.423     1.671    20.154    -3.256    17.449    -4.255     0.461     0.539     2.000
    30.000    29.000         *     0.740     4.000     1.541     1.000     1.000     0.000    -2.459    -0.661     0.527    28.047    -0.639    28.062    -0.635     0.999     0.001     1.000
    26.000         *         *         *     4.000     4.742     1.000     1.000     0.000     0.742         *         *    27.098    -1.375    27.188    -1.284     0.980     0.020     1.000
    26.000     9.000         *     1.356     3.000     2.346     0.000     1.000     0.000    -1.654     0.166     1.335    16.432    -4.341    16.432    -4.341     0.000     1.000     2.000
    23.000    19.000         *     0.499     1.000     2.842     0.000     0.000     0.000    -1.158     0.667     1.910    19.129    -3.215    17.929    -3.937     0.332     0.668     2.000
    15.000         *         *     0.773     2.000     3.507     0.000     0.000     0.000    -0.493     1.097         *    17.993    -4.603    17.993    -4.603     0.000     1.000     2.000
    15.000         *         *     1.301     2.000     3.231     0.000     0.000     1.000    -0.769     0.825         *    11.409    -5.595    11.409    -5.595     0.000     1.000     2.000
         *         *         *         *     2.000     5.096     1.000     0.000     1.000     1.096         *         *    16.667    -5.601    13.998    -7.192     0.264     0.736     2.000
    26.000         *         *     1.181     2.000     4.734     1.000     0.000     0.000     0.734         *         *    26.784    -1.078    26.926    -0.996     0.977     0.023     1.000
     2.000         *         *     0.480     8.000     5.588     1.000     1.000     1.000     1.588         *         *    16.522    -9.217    16.522    -9.217     0.000     1.000     2.000
     9.000         *         *     1.055     2.000     5.057     0.000     1.000     0.000     1.057         *         *    22.798    -5.914    22.798    -5.914     0.000     1.000     2.000
    29.000         *         *     0.502     3.000     0.652     1.000     1.000     0.000    -3.348    -1.332         *    25.138    -1.050    25.984    -0.876     0.943     0.057     1.000
    25.000         *         *     0.770     4.000     4.033     0.000     1.000     1.000     0.033         *         *    23.741    -1.558    24.705    -0.816     0.879     0.121     1.000
    26.000    29.000    27.000     0.776     2.000     0.827     0.000     0.000     0.000    -3.173    -1.556    -0.157    27.265     0.008    27.267     0.009     1.000     0.000     1.000
    10.000         *         *         *     6.000     4.778     0.000     1.000     1.000     0.778         *         *    17.078    -8.348    17.078    -8.348     0.000     1.000     2.000
    28.000    26.000         *     0.469     4.000     2.371     0.000     0.000     0.000    -1.629    -0.001     1.359    26.489    -0.654    26.556    -0.627     0.992     0.008     1.000
    29.000    28.000         *     0.636     2.000     2.508     1.000     1.000     0.000    -1.492     0.204     1.466    27.716    -0.777    27.724    -0.774     0.999     0.001     1.000
    28.000         *         *     0.669     2.000     4.592     0.000     0.000     0.000     0.592         *         *    27.998    -0.664    28.136    -0.553     0.974     0.026     1.000
